168.84552041 -46.66118709
168.84460767 -46.66183079
168.84369491 -46.66247448
168.84278213 -46.66311817
168.84186932 -46.66376185
168.84095650 -46.66440552
168.84004365 -46.66504918
168.83913079 -46.66569284
168.83821790 -46.66633649
168.83730499 -46.66698013
168.83639205 -46.66762377
168.83547910 -46.66826740
168.83456613 -46.66891102
168.83365313 -46.66955463
168.83274011 -46.67019824
168.83182707 -46.67084183
168.83091401 -46.67148543
168.83000093 -46.67212901
168.82907926 -46.67276668
168.82814369 -46.67339480
168.82720810 -46.67402290
168.82627249 -46.67465100
168.82533686 -46.67527908
168.82440120 -46.67590717
168.82346553 -46.67653524
168.82252983 -46.67716331
168.82159411 -46.67779136
168.82065837 -46.67841941
168.81972261 -46.67904746
168.81878683 -46.67967549
168.81785103 -46.68030352
168.81691520 -46.68093154
168.81597935 -46.68155955
168.81504348 -46.68218756
168.81410759 -46.68281556
168.81317168 -46.68344355
168.81223575 -46.68407153
168.81129979 -46.68469950
168.81036382 -46.68532747
168.80942782 -46.68595543
168.80849180 -46.68658338
168.80755576 -46.68721133
168.80661969 -46.68783926
168.80568361 -46.68846719
168.80474750 -46.68909511
168.80381138 -46.68972303
168.80287523 -46.69035093
168.80193906 -46.69097883
168.80100287 -46.69160672
168.80006665 -46.69223461
168.79913042 -46.69286248
168.79819416 -46.69349035
168.79725788 -46.69411821
168.79632158 -46.69474607
168.79538526 -46.69537391
168.79444892 -46.69600175
168.79351256 -46.69662958
168.79257617 -46.69725740
168.79163976 -46.69788522
168.79070333 -46.69851302
168.78976688 -46.69914083
168.78883041 -46.69976862
168.78789391 -46.70039640
168.78695739 -46.70102418
168.78602086 -46.70165195
168.78508430 -46.70227971
168.78414771 -46.70290747
168.78321111 -46.70353521
168.78227448 -46.70416295
168.78133784 -46.70479068
168.78040117 -46.70541841
168.77946448 -46.70604612
168.77852777 -46.70667383
168.77759104 -46.70730153
168.77665428 -46.70792923
168.77571751 -46.70855691
168.77478071 -46.70918459
168.77384389 -46.70981226
168.77290705 -46.71043992
168.77197018 -46.71106758
168.77103330 -46.71169523
168.77009639 -46.71232287
168.76915947 -46.71295050
168.76822252 -46.71357812
168.76728555 -46.71420574
168.76634856 -46.71483335
168.76541154 -46.71546095
168.76447451 -46.71608855
168.76353745 -46.71671613
168.76260037 -46.71734371
168.76166327 -46.71797128
168.76072615 -46.71859885
168.75978900 -46.71922640
168.75885184 -46.71985395
168.75791465 -46.72048149
168.75697745 -46.72110902
168.75604022 -46.72173655
168.75510296 -46.72236407
168.75416569 -46.72299158
168.75322840 -46.72361908
168.75229108 -46.72424657
168.75135374 -46.72487406
168.75041638 -46.72550154
168.74947900 -46.72612901
168.74854160 -46.72675648
168.74760418 -46.72738393
168.74666673 -46.72801138
168.74572926 -46.72863882
168.74479177 -46.72926626
168.74385426 -46.72989368
168.74291673 -46.73052110
168.74197918 -46.73114851
168.74104160 -46.73177592
168.74010400 -46.73240331
168.73916638 -46.73303070
168.73822874 -46.73365808
168.73729108 -46.73428545
168.73635340 -46.73491282
168.73541569 -46.73554017
168.73447797 -46.73616752
168.73354022 -46.73679487
168.73260245 -46.73742220
168.73166466 -46.73804953
168.73072684 -46.73867685
168.72978901 -46.73930416
168.72885115 -46.73993146
168.72791327 -46.74055876
168.72697537 -46.74118605
168.72603745 -46.74181333
168.72509951 -46.74244060
168.72416154 -46.74306787
168.72322356 -46.74369512
168.72228555 -46.74432237
168.72134752 -46.74494962
168.72040947 -46.74557685
168.71947140 -46.74620408
168.71853330 -46.74683130
168.71759519 -46.74745851
168.71665705 -46.74808571
168.71571889 -46.74871291
168.71478071 -46.74934010
168.71384250 -46.74996728
168.71290428 -46.75059445
168.71196603 -46.75122162
168.71102777 -46.75184878
168.71008948 -46.75247593
168.70915117 -46.75310307
168.70821283 -46.75373021
168.70727448 -46.75435733
168.70633610 -46.75498445
168.70539771 -46.75561157
168.70445929 -46.75623867
168.70352085 -46.75686577
168.70258238 -46.75749286
168.70164390 -46.75811994
168.70070539 -46.75874701
168.69976686 -46.75937408
168.69882831 -46.76000113
168.69788973 -46.76062818
168.69695114 -46.76125522
168.69601252 -46.76188225
168.69507388 -46.76250928
168.69413521 -46.76313630
168.69319653 -46.76376331
168.69225782 -46.76439031
168.69131910 -46.76501730
168.69038035 -46.76564429
168.68944157 -46.76627127
168.68850278 -46.76689824
168.68756397 -46.76752520
168.68662513 -46.76815216
168.68568628 -46.76877911
168.68474740 -46.76940605
168.68380850 -46.77003298
168.68286957 -46.77065990
168.68193063 -46.77128682
168.68099167 -46.77191373
168.68005268 -46.77254063
168.67911367 -46.77316753
168.67817464 -46.77379442
168.67723559 -46.77442129
168.67629651 -46.77504817
168.67535742 -46.77567503
168.67441830 -46.77630189
168.67347916 -46.77692874
168.67254000 -46.77755558
168.67160082 -46.77818241
168.67066162 -46.77880924
168.66972239 -46.77943605
168.66878315 -46.78006286
168.66784388 -46.78068967
168.66690459 -46.78131646
168.66596528 -46.78194325
168.66502594 -46.78257003
168.66408659 -46.78319680
168.66314721 -46.78382357
168.66220781 -46.78445032
168.66126839 -46.78507707
168.66032895 -46.78570381
168.65938949 -46.78633055
168.65845000 -46.78695727
168.65751049 -46.78758399
168.65657097 -46.78821070
168.65563142 -46.78883741
168.65469184 -46.78946410
168.65375225 -46.79009079
168.65281264 -46.79071747
168.65187300 -46.79134414
168.65093334 -46.79197081
168.64999366 -46.79259746
168.64905396 -46.79322411
168.64811424 -46.79385076
168.64717449 -46.79447739
168.64623473 -46.79510402
168.64529494 -46.79573063
168.64435513 -46.79635725
168.64341530 -46.79698385
168.64247544 -46.79761045
168.64153557 -46.79823703
168.64059567 -46.79886361
168.63965575 -46.79949019
168.63871581 -46.80011675
168.63777585 -46.80074331
168.63683587 -46.80136986
168.63589586 -46.80199640
168.63495583 -46.80262294
168.63401579 -46.80324946
168.63307572 -46.80387598
168.63213562 -46.80450249
168.63119551 -46.80512900
168.63025537 -46.80575549
168.62931522 -46.80638198
168.62837504 -46.80700846
168.62743484 -46.80763493
168.62649462 -46.80826140
168.62555437 -46.80888786
168.62461411 -46.80951431
168.62367382 -46.81014075
168.62273351 -46.81076718
168.62179318 -46.81139361
168.62085283 -46.81202003
168.61991246 -46.81264644
168.61897206 -46.81327285
168.61803164 -46.81389924
168.61709121 -46.81452563
168.61615075 -46.81515201
168.61521026 -46.81577838
168.61426976 -46.81640475
168.61332923 -46.81703111
168.61238869 -46.81765746
168.61144812 -46.81828380
168.61050753 -46.81891013
168.60956691 -46.81953646
168.60862628 -46.82016278
168.60768562 -46.82078909
168.60674495 -46.82141540
168.60580425 -46.82204169
168.60486353 -46.82266798
168.60392278 -46.82329426
168.60298202 -46.82392054
168.60204123 -46.82454680
168.60110043 -46.82517306
168.60015960 -46.82579931
168.59921874 -46.82642555
168.59827787 -46.82705179
168.59733698 -46.82767801
168.59639606 -46.82830423
168.59545512 -46.82893044
168.59451416 -46.82955665
168.59357318 -46.83018284
168.59263217 -46.83080903
168.59169115 -46.83143521
168.59075010 -46.83206138
168.58980903 -46.83268755
168.58886794 -46.83331370
168.58792683 -46.83393985
168.58698569 -46.83456599
168.58604454 -46.83519213
168.58510336 -46.83581826
168.58416216 -46.83644437
168.58322094 -46.83707049
168.58227969 -46.83769659
168.58133843 -46.83832268
168.58039714 -46.83894877
168.57945584 -46.83957485
168.57851451 -46.84020093
168.57757315 -46.84082699
168.57663178 -46.84145305
168.57569039 -46.84207910
168.57474897 -46.84270514
168.57380753 -46.84333117
168.57286607 -46.84395720
168.57192459 -46.84458322
168.57098309 -46.84520923
168.57004156 -46.84583523
168.56910001 -46.84646123
168.56815844 -46.84708722
168.56721685 -46.84771320
168.56627524 -46.84833917
168.56533361 -46.84896513
168.56439195 -46.84959109
168.56345027 -46.85021704
168.56250858 -46.85084298
168.56156685 -46.85146891
168.56062511 -46.85209484
168.55968335 -46.85272076
168.55874156 -46.85334667
168.55779975 -46.85397257
168.55685792 -46.85459847
168.55591607 -46.85522436
168.55497420 -46.85585023
168.55403231 -46.85647611
168.55309039 -46.85710197
168.55214845 -46.85772783
168.55120649 -46.85835368
168.55026451 -46.85897952
168.54932251 -46.85960535
168.54838048 -46.86023118
168.54743843 -46.86085700
168.54649637 -46.86148281
168.54555428 -46.86210861
168.54461216 -46.86273440
168.54367003 -46.86336019
168.54272787 -46.86398597
168.54178570 -46.86461174
168.54084350 -46.86523751
168.53990128 -46.86586326
168.53895903 -46.86648901
168.53801677 -46.86711475
168.53707448 -46.86774049
168.53613217 -46.86836621
168.53518985 -46.86899193
168.53424749 -46.86961764
168.53330512 -46.87024334
168.53236273 -46.87086904
168.53142031 -46.87149472
168.53047787 -46.87212040
168.52953541 -46.87274608
168.52859293 -46.87337174
168.52765043 -46.87399740
168.52670790 -46.87462304
168.52576535 -46.87524868
168.52482278 -46.87587432
168.52388019 -46.87649994
168.52293758 -46.87712556
168.52199495 -46.87775117
168.52105229 -46.87837677
168.52010961 -46.87900237
168.51916691 -46.87962795
168.51822419 -46.88025353
168.51728145 -46.88087910
168.51633868 -46.88150467
168.51539590 -46.88213022
168.51445309 -46.88275577
168.51351026 -46.88338131
168.51256741 -46.88400684
168.51162453 -46.88463237
168.51068164 -46.88525788
168.50973872 -46.88588339
168.50879578 -46.88650889
168.50785282 -46.88713439
168.50690984 -46.88775987
168.50594681 -46.88802357
168.50493741 -46.88744886
168.50392802 -46.88687415
168.50291866 -46.88629943
168.50190932 -46.88572469
168.50090000 -46.88514995
168.49989070 -46.88457520
168.49888142 -46.88400044
168.49787217 -46.88342567
168.49686293 -46.88285090
168.49585372 -46.88227611
168.49484453 -46.88170131
168.49383536 -46.88112651
168.49282621 -46.88055170
168.49181708 -46.87997687
168.49080797 -46.87940204
168.48979889 -46.87882720
168.48878982 -46.87825235
168.48778078 -46.87767749
168.48677176 -46.87710262
168.48576276 -46.87652775
168.48475378 -46.87595286
168.48374483 -46.87537797
168.48273589 -46.87480306
168.48172698 -46.87422815
168.48071808 -46.87365323
168.47970921 -46.87307830
168.47870036 -46.87250336
168.47769153 -46.87192841
168.47668273 -46.87135345
168.47567394 -46.87077848
168.47466518 -46.87020351
168.47365643 -46.86962852
168.47264771 -46.86905353
168.47163901 -46.86847852
168.47063033 -46.86790351
168.46962168 -46.86732849
168.46861304 -46.86675346
168.46760442 -46.86617842
168.46659583 -46.86560337
168.46558726 -46.86502832
168.46457871 -46.86445325
168.46357018 -46.86387817
168.46256167 -46.86330309
168.46155319 -46.86272800
168.46054472 -46.86215290
168.45953628 -46.86157778
168.45852785 -46.86100266
168.45751945 -46.86042753
168.45651107 -46.85985240
168.45550271 -46.85927725
168.45449438 -46.85870209
168.45348606 -46.85812693
168.45247777 -46.85755175
168.45146950 -46.85697657
168.45046124 -46.85640138
168.44945301 -46.85582618
168.44844481 -46.85525097
168.44743662 -46.85467575
168.44642845 -46.85410052
168.44542031 -46.85352528
168.44441218 -46.85295004
168.44340408 -46.85237478
168.44239600 -46.85179952
168.44138794 -46.85122424
168.44037991 -46.85064896
168.43937189 -46.85007367
168.43836389 -46.84949837
168.43735592 -46.84892306
168.43634797 -46.84834774
168.43534004 -46.84777241
168.43433213 -46.84719708
168.43332424 -46.84662173
168.43231637 -46.84604638
168.43130853 -46.84547102
168.43030070 -46.84489564
168.42929290 -46.84432026
168.42828512 -46.84374487
168.42727736 -46.84316947
168.42626962 -46.84259406
168.42526190 -46.84201865
168.42425421 -46.84144322
168.42324653 -46.84086779
168.42223888 -46.84029234
168.42123125 -46.83971689
168.42022364 -46.83914143
168.41921605 -46.83856595
168.41820848 -46.83799048
168.41720093 -46.83741499
168.41619341 -46.83683949
168.41518591 -46.83626398
168.41417842 -46.83568846
168.41317096 -46.83511294
168.41216352 -46.83453741
168.41115610 -46.83396186
168.41014871 -46.83338631
168.40914133 -46.83281075
168.40813398 -46.83223518
168.40712664 -46.83165960
168.40611933 -46.83108401
168.40511204 -46.83050842
168.40410477 -46.82993281
168.40309753 -46.82935720
168.40209030 -46.82878157
168.40108310 -46.82820594
168.40007591 -46.82763030
168.39906875 -46.82705465
168.39806160 -46.82647899
168.39705448 -46.82590332
168.39604738 -46.82532764
168.39504030 -46.82475196
168.39403324 -46.82417626
168.39302620 -46.82360056
168.39201919 -46.82302485
168.39101219 -46.82244913
168.39000522 -46.82187339
168.38899827 -46.82129766
168.38799134 -46.82072191
168.38698443 -46.82014615
168.38597754 -46.81957038
168.38497068 -46.81899461
168.38396383 -46.81841882
168.38295701 -46.81784303
168.38195020 -46.81726723
168.38094342 -46.81669142
168.37993666 -46.81611560
168.37892993 -46.81553977
168.37792321 -46.81496393
168.37691651 -46.81438808
168.37590984 -46.81381223
168.37490319 -46.81323636
168.37389655 -46.81266049
168.37288994 -46.81208460
168.37188336 -46.81150871
168.37087679 -46.81093281
168.36987024 -46.81035690
168.36886372 -46.80978098
168.36785721 -46.80920505
168.36685073 -46.80862912
168.36584427 -46.80805317
168.36483783 -46.80747722
168.36383141 -46.80690126
168.36282502 -46.80632528
168.36181864 -46.80574930
168.36081229 -46.80517331
168.35980595 -46.80459731
168.35879964 -46.80402130
168.35779335 -46.80344529
168.35678708 -46.80286926
168.35578084 -46.80229323
168.35477461 -46.80171718
168.35376840 -46.80114113
168.35276222 -46.80056507
168.35175606 -46.79998900
168.35074992 -46.79941292
168.34974380 -46.79883683
168.34873770 -46.79826073
168.34773162 -46.79768462
168.34672557 -46.79710851
168.34571953 -46.79653238
168.34471352 -46.79595625
168.34370753 -46.79538011
168.34270156 -46.79480396
168.34169561 -46.79422780
168.34068968 -46.79365163
168.33968378 -46.79307545
168.33867789 -46.79249926
168.33767203 -46.79192307
168.33666619 -46.79134686
168.33566037 -46.79077065
168.33465457 -46.79019442
168.33364879 -46.78961819
168.33264303 -46.78904195
168.33163730 -46.78846570
168.33063158 -46.78788944
168.32962589 -46.78731318
168.32862022 -46.78673690
168.32761457 -46.78616061
168.32660894 -46.78558432
168.32560333 -46.78500802
168.32459775 -46.78443170
168.32359218 -46.78385538
168.32258664 -46.78327905
168.32158112 -46.78270271
168.32057562 -46.78212637
168.31957014 -46.78155001
168.31856468 -46.78097364
168.31755924 -46.78039727
168.31655382 -46.77982089
168.31554843 -46.77924449
168.31454306 -46.77866809
168.31353771 -46.77809168
168.31253238 -46.77751526
168.31152707 -46.77693883
168.31052178 -46.77636240
168.30951651 -46.77578595
168.30851127 -46.77520950
168.30750604 -46.77463303
168.30650084 -46.77405656
168.30549566 -46.77348008
168.30449050 -46.77290359
168.30348536 -46.77232709
168.30248025 -46.77175058
168.30147515 -46.77117406
168.30047008 -46.77059753
168.29946502 -46.77002100
168.29845999 -46.76944446
168.29745498 -46.76886790
168.29644999 -46.76829134
168.29544502 -46.76771477
168.29444008 -46.76713819
168.29343515 -46.76656160
168.29243025 -46.76598500
168.29142536 -46.76540840
168.29042050 -46.76483178
168.28941566 -46.76425516
168.28841084 -46.76367852
168.28740605 -46.76310188
168.28640127 -46.76252523
168.28539651 -46.76194857
168.28439178 -46.76137190
168.28338707 -46.76079522
168.28238238 -46.76021854
168.28137771 -46.75964184
168.28037306 -46.75906514
168.27936843 -46.75848842
168.27836383 -46.75791170
168.27735924 -46.75733497
168.27635468 -46.75675823
168.27535014 -46.75618148
168.27434562 -46.75560472
168.27334112 -46.75502795
168.27233664 -46.75445118
168.27133218 -46.75387439
168.27032775 -46.75329760
168.26932333 -46.75272080
168.26831894 -46.75214399
168.26731457 -46.75156717
168.26631022 -46.75099034
168.26530589 -46.75041350
168.26430158 -46.74983665
168.26329730 -46.74925980
168.26229303 -46.74868293
168.26128879 -46.74810606
168.26028456 -46.74752917
168.25928036 -46.74695228
168.25827618 -46.74637538
168.25727202 -46.74579847
168.25626789 -46.74522156
168.25526377 -46.74464463
168.25425968 -46.74406769
168.25325560 -46.74349075
168.25225155 -46.74291379
168.25124752 -46.74233683
168.25024351 -46.74175986
168.24923952 -46.74118288
168.24823555 -46.74060589
168.24723161 -46.74002889
168.24622768 -46.73945188
168.24522378 -46.73887487
168.24421990 -46.73829784
168.24321604 -46.73772081
168.24221220 -46.73714377
168.24120838 -46.73656672
168.24020459 -46.73598966
168.23920081 -46.73541259
168.23819706 -46.73483551
168.23719332 -46.73425842
168.23618961 -46.73368133
168.23518592 -46.73310422
168.23418225 -46.73252711
168.23317860 -46.73194998
168.23217498 -46.73137285
168.23117137 -46.73079571
168.23016779 -46.73021856
168.22916423 -46.72964141
168.22816069 -46.72906424
168.22715717 -46.72848706
168.22615367 -46.72790988
168.22515019 -46.72733268
168.22414673 -46.72675548
168.22314330 -46.72617827
168.22213988 -46.72560105
168.22113649 -46.72502382
168.22013312 -46.72444658
168.21912977 -46.72386934
168.21812644 -46.72329208
168.21712314 -46.72271482
168.21611985 -46.72213754
168.21511659 -46.72156026
168.21411334 -46.72098297
168.21311012 -46.72040567
168.21210692 -46.71982836
168.21110374 -46.71925104
168.21010058 -46.71867372
168.20909744 -46.71809638
168.20809433 -46.71751904
168.20709123 -46.71694168
168.20608816 -46.71636432
168.20508511 -46.71578695
168.20408208 -46.71520957
168.20307907 -46.71463218
168.20207608 -46.71405479
168.20107311 -46.71347738
168.20007017 -46.71289996
168.19906725 -46.71232254
168.19806435 -46.71174511
168.19706147 -46.71116767
168.19605862 -46.71059022
168.19505578 -46.71001276
168.19405297 -46.70943530
168.19305018 -46.70885782
168.19204741 -46.70828034
168.19104466 -46.70770284
168.19004193 -46.70712534
168.18903922 -46.70654783
168.18803654 -46.70597031
168.18703387 -46.70539278
168.18603123 -46.70481525
168.18502861 -46.70423770
168.18402601 -46.70366015
168.18302343 -46.70308258
168.18202087 -46.70250501
168.18101834 -46.70192743
168.18001582 -46.70134984
168.17901333 -46.70077224
168.17801085 -46.70019463
168.17700840 -46.69961701
168.17600597 -46.69903939
168.17500356 -46.69846175
168.17400118 -46.69788411
168.17299882 -46.69730646
168.17199648 -46.69672880
168.17099416 -46.69615113
168.16999186 -46.69557346
168.16898958 -46.69499577
168.16798733 -46.69441807
168.16698509 -46.69384037
168.16598288 -46.69326266
168.16498069 -46.69268494
168.16397852 -46.69210721
168.16297637 -46.69152947
168.16197424 -46.69095172
168.16097214 -46.69037396
168.15997005 -46.68979620
168.15896799 -46.68921842
168.15796594 -46.68864064
168.15696392 -46.68806285
168.15596192 -46.68748504
168.15495994 -46.68690723
168.15395799 -46.68632942
168.15295605 -46.68575159
168.15195413 -46.68517375
168.15095224 -46.68459591
168.14995037 -46.68401805
168.14894852 -46.68344019
168.14794668 -46.68286232
168.14694488 -46.68228444
168.14594309 -46.68170655
168.14494132 -46.68112865
168.14393958 -46.68055074
168.14293785 -46.67997283
168.14193615 -46.67939490
168.14093447 -46.67881697
168.13993281 -46.67823903
168.13893117 -46.67766108
168.13792955 -46.67708312
168.13692796 -46.67650515
168.13592638 -46.67592717
168.13492483 -46.67534918
168.13392329 -46.67477119
168.13292178 -46.67419318
168.13192029 -46.67361517
168.13091882 -46.67303715
168.12991737 -46.67245912
168.12891595 -46.67188108
168.12791454 -46.67130303
168.12691316 -46.67072497
168.12591180 -46.67014691
168.12491045 -46.66956883
168.12390913 -46.66899075
168.12290783 -46.66841266
168.12190656 -46.66783456
168.12090530 -46.66725645
168.11990406 -46.66667833
168.11890285 -46.66610020
168.11790166 -46.66552207
168.11690049 -46.66494392
168.11589934 -46.66436577
168.11489821 -46.66378760
168.11389710 -46.66320943
168.11289601 -46.66263125
168.11189495 -46.66205306
168.11089390 -46.66147487
168.10989288 -46.66089666
168.10889188 -46.66031844
168.10789090 -46.65974022
168.10688994 -46.65916199
168.10588900 -46.65858374
168.10488808 -46.65800549
168.10388719 -46.65742723
168.10288631 -46.65684897
168.10188546 -46.65627069
168.10088463 -46.65569240
168.09988382 -46.65511411
168.09888303 -46.65453581
168.09788227 -46.65395750
168.09688152 -46.65337918
168.09588080 -46.65280085
168.09488010 -46.65222251
168.09387942 -46.65164416
168.09287876 -46.65106581
168.09187812 -46.65048745
168.09087750 -46.64990907
168.08987691 -46.64933069
168.08887633 -46.64875230
168.08787578 -46.64817390
168.08687525 -46.64759549
168.08587474 -46.64701708
168.08487425 -46.64643865
168.08387378 -46.64586022
168.08287333 -46.64528178
168.08187291 -46.64470332
168.08087250 -46.64412486
168.07987212 -46.64354639
168.07887176 -46.64296792
168.07787141 -46.64238943
168.07687109 -46.64181093
168.07587080 -46.64123243
168.07487052 -46.64065392
168.07387026 -46.64007539
168.07287003 -46.63949686
168.07186981 -46.63891832
168.07086962 -46.63833978
168.06986945 -46.63776122
168.06886930 -46.63718265
168.06786917 -46.63660408
168.06686906 -46.63602550
168.06586898 -46.63544690
168.06486891 -46.63486830
168.06386887 -46.63428969
168.06286885 -46.63371107
168.06186884 -46.63313245
168.06086887 -46.63255381
168.05986891 -46.63197517
168.05886897 -46.63139651
168.05786905 -46.63081785
168.05686916 -46.63023918
168.05586928 -46.62966050
168.05486943 -46.62908181
168.05386960 -46.62850311
168.05286979 -46.62792441
168.05187000 -46.62734569
168.05087023 -46.62676697
168.04987048 -46.62618824
168.04887076 -46.62560949
168.04787105 -46.62503074
168.04687137 -46.62445199
168.04587171 -46.62387322
168.04487206 -46.62329444
168.04387244 -46.62271566
168.04287285 -46.62213686
168.04187327 -46.62155806
168.04087371 -46.62097925
168.03987418 -46.62040043
168.03887466 -46.61982160
168.03787517 -46.61924276
168.03687570 -46.61866391
168.03587625 -46.61808506
168.03487682 -46.61750620
168.03387741 -46.61692732
168.03287803 -46.61634844
168.03187866 -46.61576955
168.03087932 -46.61519065
168.02987999 -46.61461174
168.02888069 -46.61403283
168.02788141 -46.61345390
168.02688215 -46.61287497
168.02588292 -46.61229603
168.02488370 -46.61171707
168.02452542 -46.61094447
168.02458450 -46.61004576
168.02464358 -46.60914705
168.02470266 -46.60824834
168.02476174 -46.60734963
168.02482081 -46.60645092
168.02487989 -46.60555221
168.02493896 -46.60465350
168.02499803 -46.60375479
168.02505709 -46.60285608
168.02511616 -46.60195737
168.02517522 -46.60105865
168.02523429 -46.60015994
168.02529334 -46.59926123
168.02535240 -46.59836252
168.02541146 -46.59746381
168.02547051 -46.59656509
168.02552956 -46.59566638
168.02558861 -46.59476767
168.02564766 -46.59386896
168.02570671 -46.59297024
168.02576575 -46.59207153
168.02582480 -46.59117281
168.02588384 -46.59027410
168.02594287 -46.58937538
168.02600191 -46.58847667
168.02606094 -46.58757796
168.02611998 -46.58667924
168.02617901 -46.58578052
168.02623804 -46.58488181
168.02629706 -46.58398309
168.02635609 -46.58308438
168.02641511 -46.58218566
168.02647413 -46.58128694
168.02653315 -46.58038823
168.02659217 -46.57948951
168.02665118 -46.57859079
168.02671020 -46.57769208
168.02676921 -46.57679336
168.02682821 -46.57589464
168.02688722 -46.57499592
168.02694623 -46.57409720
168.02700523 -46.57319848
168.02706423 -46.57229976
168.02712323 -46.57140105
168.02718223 -46.57050233
168.02724122 -46.56960361
168.02730022 -46.56870489
168.02735921 -46.56780617
168.02741820 -46.56690745
168.02747718 -46.56600872
168.02753617 -46.56511000
168.02759515 -46.56421128
168.02765413 -46.56331256
168.02771311 -46.56241384
168.02777209 -46.56151512
168.02783107 -46.56061639
168.02789004 -46.55971767
168.02794901 -46.55881895
168.02800798 -46.55792023
168.02806695 -46.55702150
168.02812591 -46.55612278
168.02818488 -46.55522406
168.02824384 -46.55432533
168.02830280 -46.55342661
168.02836176 -46.55252788
168.02842072 -46.55162916
168.02847967 -46.55073043
168.02853862 -46.54983171
168.02859757 -46.54893298
168.02865652 -46.54803426
168.02871547 -46.54713553
168.02877441 -46.54623681
168.02883335 -46.54533808
168.02889229 -46.54443935
168.02895123 -46.54354063
168.02901017 -46.54264190
168.02906910 -46.54174317
168.02912803 -46.54084444
168.02918696 -46.53994572
168.02924589 -46.53904699
168.02930482 -46.53814826
168.02936374 -46.53724953
168.02942267 -46.53635080
168.02948159 -46.53545208
168.02954051 -46.53455335
168.02959942 -46.53365462
168.02965834 -46.53275589
168.02971725 -46.53185716
168.02977616 -46.53095843
168.02983507 -46.53005970
168.02989398 -46.52916097
168.02995288 -46.52826223
168.03001178 -46.52736350
168.03007069 -46.52646477
168.03012958 -46.52556604
168.03018848 -46.52466731
168.03024738 -46.52376858
168.03030627 -46.52286984
168.03036516 -46.52197111
168.03042405 -46.52107238
168.03048294 -46.52017364
168.03054182 -46.51927491
168.03060071 -46.51837618
168.03065959 -46.51747744
168.03071847 -46.51657871
168.03077735 -46.51567998
168.03083622 -46.51478124
168.03089509 -46.51388251
168.03095397 -46.51298377
168.03101284 -46.51208504
168.03107170 -46.51118630
168.03113057 -46.51028756
168.03118943 -46.50938883
168.03124830 -46.50849009
168.03130716 -46.50759136
168.03136601 -46.50669262
168.03142487 -46.50579388
168.03148372 -46.50489514
168.03154258 -46.50399641
168.03160143 -46.50309767
168.03166027 -46.50219893
168.03171912 -46.50130019
168.03177797 -46.50040146
168.03183681 -46.49950272
168.03189565 -46.49860398
168.03195448 -46.49770524
168.03201332 -46.49680650
168.03207215 -46.49590776
168.03213097 -46.49500902
168.03218980 -46.49411028
168.03224863 -46.49321155
168.03230745 -46.49231281
168.03236627 -46.49141407
168.03242509 -46.49051533
168.03248390 -46.48961659
168.03254272 -46.48871784
168.03260153 -46.48781910
168.03266034 -46.48692036
168.03271915 -46.48602162
168.03277796 -46.48512288
168.03283676 -46.48422414
168.03289557 -46.48332540
168.03295437 -46.48242665
168.03301317 -46.48152791
168.03307196 -46.48062917
168.03313076 -46.47973043
168.03318955 -46.47883168
168.03324834 -46.47793294
168.03330713 -46.47703420
168.03336592 -46.47613545
168.03342470 -46.47523671
168.03348349 -46.47433797
168.03354227 -46.47343922
168.03360105 -46.47254048
168.03365983 -46.47164173
168.03371860 -46.47074299
168.03377738 -46.46984424
168.03383615 -46.46894549
168.03389492 -46.46804675
168.03395368 -46.46714800
168.03401245 -46.46624926
168.03407121 -46.46535051
168.03412998 -46.46445176
168.03418874 -46.46355301
168.03424749 -46.46265427
168.03430625 -46.46175552
168.03436500 -46.46085677
168.03442376 -46.45995802
168.03448251 -46.45905928
168.03454126 -46.45816053
168.03460000 -46.45726178
168.03465874 -46.45636303
168.03471749 -46.45546428
168.03477623 -46.45456553
168.03483497 -46.45366678
168.03489370 -46.45276803
168.03495244 -46.45186928
168.03501117 -46.45097053
168.03506990 -46.45007178
168.03512863 -46.44917303
168.03518736 -46.44827428
168.03524608 -46.44737553
168.03530480 -46.44647677
168.03536352 -46.44557802
168.03542224 -46.44467927
168.03548096 -46.44378052
168.03553968 -46.44288177
168.03559839 -46.44198301
168.03565710 -46.44108426
168.03571581 -46.44018551
168.03577452 -46.43928675
168.03583322 -46.43838800
168.03589192 -46.43748925
168.03595062 -46.43659049
168.03600932 -46.43569174
168.03606802 -46.43479298
168.03612672 -46.43389423
168.03618541 -46.43299547
168.03624410 -46.43209672
168.03630279 -46.43119796
168.03636148 -46.43029921
168.03642016 -46.42940045
168.03647885 -46.42850169
168.03653753 -46.42760294
168.03659621 -46.42670418
168.03665489 -46.42580542
168.03671356 -46.42490667
168.03677224 -46.42400791
168.03683091 -46.42310915
168.03688958 -46.42221039
168.03694825 -46.42131163
168.03700691 -46.42041288
168.03706558 -46.41951412
168.03712424 -46.41861536
168.03718290 -46.41771660
168.03724156 -46.41681784
168.03730022 -46.41591908
168.03735887 -46.41502032
168.03741752 -46.41412156
168.03747617 -46.41322280
168.03753482 -46.41232404
168.03759347 -46.41142528
168.03765211 -46.41052652
168.03771075 -46.40962776
168.03776940 -46.40872899
168.03782803 -46.40783023
168.03788667 -46.40693147
168.03794531 -46.40603271
168.03800394 -46.40513395
168.03806257 -46.40423518
168.03812120 -46.40333642
168.03817983 -46.40243766
168.03823845 -46.40153889
168.03829707 -46.40064013
168.03835570 -46.39974137
168.03841431 -46.39884260
168.03847293 -46.39794384
168.03853155 -46.39704507
168.03859016 -46.39614631
168.03864877 -46.39524754
168.03870738 -46.39434877
168.03876599 -46.39345001
168.03882460 -46.39255124
168.03888320 -46.39165247
168.03894180 -46.39075370
168.03900041 -46.38985494
168.03905900 -46.38895617
168.03911760 -46.38805740
168.03917619 -46.38715863
168.03923479 -46.38625986
168.03927906 -46.38536092
168.03933404 -46.38446380
168.03945037 -46.38356898