171.29860460 -42.27627525
171.29738560 -42.27625595
171.29616660 -42.27623663
171.29494760 -42.27621731
171.29372860 -42.27619797
171.29250960 -42.27617862
171.29129061 -42.27615925
171.29007161 -42.27613987
171.28885262 -42.27612048
171.28763363 -42.27610108
171.28641464 -42.27608166
171.28519565 -42.27606223
171.28397665 -42.27604278
171.28275767 -42.27602333
171.28153868 -42.27600386
171.28031969 -42.27598437
171.27910071 -42.27596488
171.27788172 -42.27594537
171.27666274 -42.27592585
171.27544376 -42.27590631
171.27422478 -42.27588676
171.27300579 -42.27586720
171.27178681 -42.27584762
171.27056784 -42.27582804
171.26934886 -42.27580843
171.26812988 -42.27578882
171.26691091 -42.27576919
171.26569193 -42.27574955
171.26447296 -42.27572990
171.26325399 -42.27571023
171.26203502 -42.27569055
171.26081605 -42.27567086
171.25959708 -42.27565115
171.25837811 -42.27563143
171.25715914 -42.27561170
171.25594018 -42.27559195
171.25472121 -42.27557219
171.25350225 -42.27555242
171.25228329 -42.27553264
171.25106433 -42.27551284
171.24984537 -42.27549303
171.24862641 -42.27547320
171.24740745 -42.27545337
171.24618849 -42.27543352
171.24496953 -42.27541365
171.24375058 -42.27539378
171.24253163 -42.27537389
171.24131267 -42.27535398
171.24009372 -42.27533407
171.23887477 -42.27531414
171.23765582 -42.27529420
171.23643687 -42.27527424
171.23521792 -42.27525427
171.23399898 -42.27523429
171.23278003 -42.27521429
171.23156109 -42.27519429
171.23034214 -42.27517426
171.22912320 -42.27515423
171.22790426 -42.27513418
171.22668532 -42.27511412
171.22546638 -42.27509405
171.22424744 -42.27507396
171.22302851 -42.27505386
171.22180957 -42.27503375
171.22059064 -42.27501362
171.21937170 -42.27499348
171.21815277 -42.27497333
171.21693384 -42.27495317
171.21571491 -42.27493299
171.21449598 -42.27491279
171.21327705 -42.27489259
171.21205812 -42.27487237
171.21083920 -42.27485214
171.20962027 -42.27483190
171.20840135 -42.27481164
171.20718242 -42.27479137
171.20596350 -42.27477108
171.20474458 -42.27475079
171.20352566 -42.27473048
171.20230674 -42.27471016
171.20108782 -42.27468982
171.19986891 -42.27466947
171.19864999 -42.27464911
171.19743108 -42.27462874
171.19621217 -42.27460835
171.19499326 -42.27458795
171.19377435 -42.27456754
171.19255544 -42.27454711
171.19133653 -42.27452668
171.19011762 -42.27450622
171.18889872 -42.27448576
171.18767981 -42.27446528
171.18646091 -42.27444479
171.18524201 -42.27442429
171.18402311 -42.27440377
171.18280421 -42.27438324
171.18158531 -42.27436269
171.18036641 -42.27434214
171.17914751 -42.27432157
171.17792862 -42.27430098
171.17670972 -42.27428039
171.17549083 -42.27425978
171.17427194 -42.27423916
171.17305304 -42.27421852
171.17183415 -42.27419787
171.17061526 -42.27417721
171.16939638 -42.27415654
171.16942512 -42.27325573
171.16945385 -42.27235492
171.16948259 -42.27145411
171.16951133 -42.27055330
171.16954006 -42.26965249
171.16956880 -42.26875168
171.16959753 -42.26785087
171.16962626 -42.26695006
171.16965499 -42.26604926
171.16968372 -42.26514845
171.16971245 -42.26424764
171.16974117 -42.26334683
171.16976990 -42.26244602
171.16979862 -42.26154521
171.16982735 -42.26064440
171.16985607 -42.25974359
171.16988479 -42.25884279
171.16991351 -42.25794198
171.16994223 -42.25704117
171.16997095 -42.25614036
171.16999967 -42.25523955
171.17002838 -42.25433874
171.17005710 -42.25343793
171.17008581 -42.25253713
171.17011452 -42.25163632
171.17014323 -42.25073551
171.17017195 -42.24983470
171.17020065 -42.24893389
171.17022936 -42.24803308
171.17025807 -42.24713228
171.17028677 -42.24623147
171.17031548 -42.24533066
171.17034418 -42.24442985
171.17037288 -42.24352904
171.17040158 -42.24262823
171.17043028 -42.24172743
171.17045898 -42.24082662
171.17048768 -42.23992581
171.17051638 -42.23902500
171.17054507 -42.23812419
171.17057377 -42.23722339
171.17060246 -42.23632258
171.17063115 -42.23542177
171.17065984 -42.23452096
171.17068853 -42.23362015
171.17071722 -42.23271935
171.17074591 -42.23181854
171.17077460 -42.23091773
171.17080328 -42.23001692
171.17083197 -42.22911611
171.17086065 -42.22821531
171.17088933 -42.22731450
171.17091801 -42.22641369
171.17094669 -42.22551288
171.17097537 -42.22461208
171.17100405 -42.22371127
171.17103272 -42.22281046
171.17106140 -42.22190965
171.17109007 -42.22100885
171.17111875 -42.22010804
171.17114742 -42.21920723
171.17117609 -42.21830642
171.17120476 -42.21740562
171.17123343 -42.21650481
171.17126209 -42.21560400
171.17129076 -42.21470319
171.17131943 -42.21380239
171.17134809 -42.21290158
171.17137675 -42.21200077
171.17140541 -42.21109997
171.17143408 -42.21019916
171.17146274 -42.20929835
171.17149139 -42.20839754
171.17152005 -42.20749674
171.17154871 -42.20659593
171.17157736 -42.20569512
171.17160602 -42.20479432
171.17163467 -42.20389351
171.17166332 -42.20299270
171.17169197 -42.20209189
171.17172062 -42.20119109
171.17174927 -42.20029028
171.17177791 -42.19938947
171.17180656 -42.19848867
171.17183521 -42.19758786
171.17186385 -42.19668706
171.17189249 -42.19578625
171.17192113 -42.19488545
171.17194977 -42.19398464
171.17197841 -42.19308384
171.17200705 -42.19218303
171.17203568 -42.19128223
171.17206432 -42.19038142
171.17209295 -42.18948062
171.17212159 -42.18857981
171.17215022 -42.18767901
171.17217885 -42.18677820
171.17220748 -42.18587740
171.17223611 -42.18497659
171.17226473 -42.18407579
171.17229336 -42.18317499
171.17232198 -42.18227418
171.17235061 -42.18137338
171.17237923 -42.18047257
171.17240785 -42.17957177
171.17243647 -42.17867096
171.17246509 -42.17777016
171.17249371 -42.17686935
171.17252233 -42.17596855
171.17255094 -42.17506775
171.17257956 -42.17416694
171.17260817 -42.17326614
171.17263678 -42.17236533
171.17266540 -42.17146453
171.17269401 -42.17056373
171.17272262 -42.16966292
171.17275122 -42.16876212
171.17277983 -42.16786131
171.17280844 -42.16696051
171.17283704 -42.16605970
171.17286564 -42.16515890
171.17289425 -42.16425810
171.17292285 -42.16335729
171.17295145 -42.16245649
171.17298005 -42.16155569
171.17300864 -42.16065488
171.17303724 -42.15975408
171.17306584 -42.15885328
171.17309443 -42.15795247
171.17312302 -42.15705167
171.17315162 -42.15615086
171.17318021 -42.15525006
171.17320880 -42.15434926
171.17323739 -42.15344845
171.17326597 -42.15254765
171.17329456 -42.15164685
171.17332314 -42.15074604
171.17335173 -42.14984524
171.17338031 -42.14894444
171.17340889 -42.14804363
171.17343748 -42.14714283
171.17346605 -42.14624203
171.17349463 -42.14534122
171.17352321 -42.14444042
171.17355179 -42.14353962
171.17358036 -42.14263881
171.17360894 -42.14173801
171.17363751 -42.14083721
171.17366608 -42.13993641
171.17369465 -42.13903560
171.17372322 -42.13813480
171.17375179 -42.13723400
171.17378036 -42.13633319
171.17380892 -42.13543239
171.17383749 -42.13453159
171.17386605 -42.13363078
171.17389461 -42.13272998
171.17392317 -42.13182918
171.17395173 -42.13092838
171.17398029 -42.13002757
171.17400885 -42.12912677
171.17403741 -42.12822597
171.17406596 -42.12732517
171.17409452 -42.12642436
171.17412307 -42.12552356
171.17415162 -42.12462276
171.17418018 -42.12372196
171.17420872 -42.12282115
171.17423727 -42.12192035
171.17426582 -42.12101955
171.17429437 -42.12011875
171.17432291 -42.11921795
171.17435146 -42.11831714
171.17438000 -42.11741634
171.17440854 -42.11651554
171.17443708 -42.11561474
171.17446562 -42.11471394
171.17449416 -42.11381313
171.17452270 -42.11291233
171.17455123 -42.11201153
171.17457977 -42.11111073
171.17460830 -42.11020993
171.17463684 -42.10930912
171.17466537 -42.10840832
171.17469390 -42.10750752
171.17472243 -42.10660672
171.17475096 -42.10570592
171.17477948 -42.10480512
171.17480801 -42.10390432
171.17483653 -42.10300351
171.17486506 -42.10210271
171.17489358 -42.10120191
171.17492210 -42.10030111
171.17495062 -42.09940031
171.17497914 -42.09849951
171.17500766 -42.09759870
171.17503617 -42.09669790
171.17506469 -42.09579710
171.17509320 -42.09489630
171.17512171 -42.09399550
171.17515022 -42.09309470
171.17517873 -42.09219390
171.17520724 -42.09129310
171.17523575 -42.09039230
171.17526426 -42.08949150
171.17529276 -42.08859069
171.17532127 -42.08768989
171.17534977 -42.08678909
171.17537827 -42.08588829
171.17540677 -42.08498749
171.17543527 -42.08408669
171.17546377 -42.08318589
171.17549227 -42.08228509
171.17552077 -42.08138429
171.17554926 -42.08048349
171.17557776 -42.07958269
171.17560625 -42.07868189
171.17563474 -42.07778109
171.17566323 -42.07688029
171.17569172 -42.07597949
171.17572021 -42.07507869
171.17574870 -42.07417789
171.17577718 -42.07327709
171.17580567 -42.07237629
171.17583415 -42.07147548
171.17586263 -42.07057468
171.17589111 -42.06967389
171.17591959 -42.06877309
171.17594807 -42.06787229
171.17597655 -42.06697149
171.17600503 -42.06607069
171.17603350 -42.06516989
171.17606198 -42.06426909
171.17609045 -42.06336829
171.17611892 -42.06246749
171.17614739 -42.06156669
171.17617586 -42.06066589
171.17620433 -42.05976509
171.17623280 -42.05886429
171.17626127 -42.05796349
171.17628973 -42.05706269
171.17631820 -42.05616189
171.17634666 -42.05526109
171.17637512 -42.05436029
171.17640358 -42.05345949
171.17643204 -42.05255869
171.17646050 -42.05165789
171.17648896 -42.05075709
171.17651741 -42.04985629
171.17654587 -42.04895549
171.17657432 -42.04805470
171.17660277 -42.04715390
171.17663123 -42.04625310
171.17665968 -42.04535230
171.17668813 -42.04445150
171.17671657 -42.04355070
171.17674502 -42.04264990
171.17677347 -42.04174910
171.17680191 -42.04084831
171.17683036 -42.03994751
171.17685880 -42.03904671
171.17688724 -42.03814591
171.17691568 -42.03724511
171.17694412 -42.03634431
171.17697255 -42.03544351
171.17700099 -42.03454272
171.17702943 -42.03364192
171.17705786 -42.03274112
171.17708629 -42.03184032
171.17711473 -42.03093952
171.17714316 -42.03003872
171.17717159 -42.02913792
171.17720001 -42.02823713
171.17722844 -42.02733633
171.17725687 -42.02643553
171.17728529 -42.02553473
171.17731372 -42.02463393
171.17734214 -42.02373314
171.17737056 -42.02283234
171.17739898 -42.02193154
171.17742740 -42.02103074
171.17745582 -42.02012995
171.17748423 -42.01922915
171.17751265 -42.01832835
171.17754107 -42.01742755
171.17756948 -42.01652675
171.17759789 -42.01562596
171.17762630 -42.01472516
171.17765471 -42.01382436
171.17768312 -42.01292357
171.17771153 -42.01202277
171.17773993 -42.01112197
171.17776834 -42.01022117
171.17779674 -42.00932038
171.17782515 -42.00841958
171.17785355 -42.00751878
171.17788195 -42.00661798
171.17791035 -42.00571719
171.17793875 -42.00481639
171.17796714 -42.00391559
171.17799554 -42.00301480
171.17802394 -42.00211400
171.17805233 -42.00121320
171.17808072 -42.00031241
171.17810911 -41.99941161
171.17813750 -41.99851081
171.17816589 -41.99761002
171.17819428 -41.99670922
171.17822267 -41.99580842
171.17825105 -41.99490763
171.17827944 -41.99400683
171.17830782 -41.99310603
171.17833620 -41.99220524
171.17836458 -41.99130444
171.17839296 -41.99040364
171.17842134 -41.98950285
171.17844972 -41.98860205
171.17847809 -41.98770126
171.17850647 -41.98680046
171.17853484 -41.98589966
171.17856321 -41.98499887
171.17859158 -41.98409807
171.17861995 -41.98319727
171.17864832 -41.98229648
171.17867669 -41.98139568
171.17870506 -41.98049489
171.17873342 -41.97959409
171.17876179 -41.97869330
171.17879015 -41.97779250
171.17881851 -41.97689170
171.17884687 -41.97599091
171.17887523 -41.97509011
171.17890359 -41.97418932
171.17893195 -41.97328852
171.17896030 -41.97238773
171.17898866 -41.97148693
171.17901701 -41.97058614
171.17904537 -41.96968534
171.17907372 -41.96878455
171.17910207 -41.96788375
171.17913042 -41.96698296
171.17915877 -41.96608216
171.17918711 -41.96518136
171.17921546 -41.96428057
171.17924380 -41.96337978
171.17927215 -41.96247898
171.17930049 -41.96157819
171.17932883 -41.96067739
171.17935717 -41.95977660
171.17938551 -41.95887580
171.17941385 -41.95797501
171.17944218 -41.95707421
171.17947052 -41.95617342
171.17949885 -41.95527262
171.17952718 -41.95437183
171.17955552 -41.95347103
171.17958385 -41.95257024
171.17961218 -41.95166945
171.17964051 -41.95076865
171.17966883 -41.94986786
171.17969716 -41.94896706
171.17972548 -41.94806627
171.17975381 -41.94716548
171.17978213 -41.94626468
171.17981045 -41.94536389
171.17983877 -41.94446309
171.17986709 -41.94356230
171.17989541 -41.94266150
171.17992372 -41.94176071
171.17995204 -41.94085992
171.17998035 -41.93995912
171.18000867 -41.93905833
171.18003698 -41.93815754
171.18006529 -41.93725674
171.18009360 -41.93635595
171.18012191 -41.93545516
171.18015021 -41.93455436
171.18017852 -41.93365357
171.18020683 -41.93275278
171.18023513 -41.93185198
171.18026343 -41.93095119
171.18029173 -41.93005040
171.18032003 -41.92914960
171.18034833 -41.92824881
171.18037663 -41.92734802
171.18040493 -41.92644723
171.18043322 -41.92554643
171.18046152 -41.92464564
171.18048981 -41.92374485
171.18051810 -41.92284405
171.18054639 -41.92194326
171.18057468 -41.92104247
171.18060297 -41.92014168
171.18063126 -41.91924088
171.18065955 -41.91834009
171.18068783 -41.91743930
171.18071611 -41.91653851
171.18074440 -41.91563771
171.18077268 -41.91473692
171.18080096 -41.91383613
171.18082924 -41.91293534
171.18085752 -41.91203454
171.18088579 -41.91113375
171.18091407 -41.91023296
171.18094234 -41.90933217
171.18097062 -41.90843138
171.18099889 -41.90753059
171.18102716 -41.90662979
171.18105543 -41.90572900
171.18108370 -41.90482821
171.18111196 -41.90392742
171.18114023 -41.90302663
171.18116850 -41.90212584
171.18119676 -41.90122504
171.18122502 -41.90032425
171.18125328 -41.89942346
171.18128154 -41.89852267
171.18130980 -41.89762188
171.18133806 -41.89672109
171.18136632 -41.89582030
171.18139457 -41.89491951
171.18142283 -41.89401872
171.18145108 -41.89311793
171.18147933 -41.89221714
171.18150759 -41.89131635
171.18153584 -41.89041555
171.18156408 -41.88951476
171.18159233 -41.88861397
171.18162058 -41.88771318
171.18164882 -41.88681239
171.18167707 -41.88591160
171.18170531 -41.88501081
171.18173355 -41.88411002
171.18176179 -41.88320923
171.18179003 -41.88230844
171.18181827 -41.88140766
171.18184650 -41.88050686
171.18187474 -41.87960608
171.18190297 -41.87870529
171.18193121 -41.87780450
171.18195944 -41.87690371
171.18198767 -41.87600292
171.18201590 -41.87510213
171.18204413 -41.87420134
171.18207236 -41.87330055
171.18210058 -41.87239976
171.18212881 -41.87149897
171.18215703 -41.87059818
171.18218525 -41.86969739
171.18221348 -41.86879660
171.18224170 -41.86789581
171.18226992 -41.86699503
171.18229813 -41.86609424
171.18232635 -41.86519345
171.18235456 -41.86429266
171.18238278 -41.86339187
171.18241099 -41.86249108
171.18243920 -41.86159029
171.18246741 -41.86068950
171.18249562 -41.85978872
171.18252383 -41.85888793
171.18255204 -41.85798714
171.18258025 -41.85708635
171.18260845 -41.85618556
171.18263665 -41.85528477
171.18266486 -41.85438399
171.18269306 -41.85348320
171.18272126 -41.85258241
171.18274946 -41.85168162
171.18277765 -41.85078083
171.18280585 -41.84988005
171.18283405 -41.84897926
171.18286224 -41.84807847
171.18289043 -41.84717768
171.18291863 -41.84627690
171.18294682 -41.84537611
171.18297501 -41.84447532
171.18300319 -41.84357453
171.18303138 -41.84267375
171.18305957 -41.84177296
171.18308775 -41.84087217
171.18311594 -41.83997138
171.18314412 -41.83907060
171.18317230 -41.83816981
171.18320048 -41.83726902
171.18322866 -41.83636824
171.18325684 -41.83546745
171.18328501 -41.83456666
171.18331319 -41.83366587
171.18334136 -41.83276509
171.18336953 -41.83186430
171.18339771 -41.83096351
171.18342588 -41.83006273
171.18345405 -41.82916194
171.18348221 -41.82826116
171.18351038 -41.82736037
171.18353855 -41.82645958
171.18356671 -41.82555880
171.18359487 -41.82465801
171.18362304 -41.82375722
171.18365120 -41.82285644
171.18367936 -41.82195565
171.18370752 -41.82105487
171.18373567 -41.82015408
171.18376383 -41.81925329
171.18379199 -41.81835251
171.18382014 -41.81745172
171.18384829 -41.81655094
171.18387644 -41.81565015
171.18390459 -41.81474936
171.18393274 -41.81384858
171.18396089 -41.81294779
171.18398904 -41.81204701
171.18401719 -41.81114622
171.18404533 -41.81024544
171.18407347 -41.80934465
171.18410161 -41.80844387
171.18412976 -41.80754308
171.18415790 -41.80664230
171.18418603 -41.80574151
171.18421417 -41.80484073
171.18424231 -41.80393994
171.18427044 -41.80303916
171.18429858 -41.80213837
171.18432671 -41.80123759
171.18435484 -41.80033680
171.18438297 -41.79943602
171.18441110 -41.79853523
171.18443923 -41.79763445
171.18446735 -41.79673367
171.18449548 -41.79583288
171.18452360 -41.79493210
171.18455172 -41.79403131
171.18457985 -41.79313053
171.18460797 -41.79222975
171.18463608 -41.79132896
171.18466420 -41.79042818
171.18469232 -41.78952740
171.18472044 -41.78862661
171.18474855 -41.78772583
171.18477666 -41.78682505
171.18480477 -41.78592426
171.18483289 -41.78502348
171.18486099 -41.78412270
171.18488910 -41.78322191
171.18491721 -41.78232113
171.18494532 -41.78142035
171.18497342 -41.78051956
171.18500152 -41.77961878
171.18502963 -41.77871800
171.18505773 -41.77781722
171.18508583 -41.77691643
171.18511393 -41.77601565
171.18514202 -41.77511487
171.18517012 -41.77421409
171.18519822 -41.77331330
171.18522631 -41.77241252
171.18525440 -41.77151174
171.18528249 -41.77061096
171.18531059 -41.76971017
171.18533867 -41.76880939
171.18536676 -41.76790861
171.18539485 -41.76700783
171.18542294 -41.76610705
171.18545102 -41.76520627
171.18547910 -41.76430548
171.18550718 -41.76340470
171.18553527 -41.76250392
171.18556335 -41.76160314
171.18559142 -41.76070236
171.18561950 -41.75980158
171.18564758 -41.75890079
171.18567565 -41.75800001
171.18570373 -41.75709923
171.18573180 -41.75619845
171.18575987 -41.75529767
171.18578794 -41.75439689
171.18581601 -41.75349611
171.18584408 -41.75259533
171.18587214 -41.75169454
171.18590021 -41.75079376
171.18592827 -41.74989298
171.18595634 -41.74899220
171.18598440 -41.74809142
171.18601246 -41.74719064
171.18604052 -41.74628986
171.18606857 -41.74538908
171.18609663 -41.74448830
171.18612469 -41.74358752
171.18615274 -41.74268674
171.18618080 -41.74178596
171.18620885 -41.74088518
171.18623690 -41.73998440
171.18626495 -41.73908362
171.18629300 -41.73818284
171.18632104 -41.73728206
171.18634909 -41.73638128
171.18637713 -41.73548050
171.18640518 -41.73457972
171.18643322 -41.73367894
171.18646126 -41.73277816
171.18648930 -41.73187738
171.18651734 -41.73097660
171.18654538 -41.73007582
171.18657341 -41.72917504
171.18660145 -41.72827426
171.18662948 -41.72737348
171.18665752 -41.72647271
171.18668555 -41.72557193
171.18671358 -41.72467115
171.18674161 -41.72377037
171.18676964 -41.72286959
171.18679766 -41.72196881
171.18682569 -41.72106803
171.18685371 -41.72016725
171.18688174 -41.71926648
171.18690976 -41.71836570
171.18693778 -41.71746492
171.18696580 -41.71656414
171.18699382 -41.71566336
171.18702183 -41.71476258
171.18704985 -41.71386181
171.18707786 -41.71296103
171.18710588 -41.71206025
171.18713389 -41.71115947
171.18716190 -41.71025869
171.18718991 -41.70935792
171.18721792 -41.70845714
171.18724593 -41.70755636
171.18727393 -41.70665558
171.18730194 -41.70575480
171.18732994 -41.70485403
171.18735795 -41.70395325
171.18738595 -41.70305247
171.18741395 -41.70215170
171.18744195 -41.70125092
171.18746995 -41.70035014
171.18749794 -41.69944936
171.18752594 -41.69854859
171.18755393 -41.69764781
171.18758192 -41.69674703
171.18760992 -41.69584626
171.18763791 -41.69494548
171.18766589 -41.69404471
171.18769388 -41.69314393
171.18772187 -41.69224316
171.18774985 -41.69134238
171.18777784 -41.69044161
171.18780582 -41.68954083
171.18783380 -41.68864006
171.18786178 -41.68773928
171.18788976 -41.68683851
171.18791774 -41.68593773
171.18794571 -41.68503696
171.18797369 -41.68413618
171.18800167 -41.68323541
171.18802964 -41.68233463
171.18805761 -41.68143386
171.18808558 -41.68053308
171.18811355 -41.67963231
171.18814152 -41.67873153
171.18816949 -41.67783076
171.18819745 -41.67692998
171.18822542 -41.67602921
171.18825338 -41.67512844
171.18828134 -41.67422766
171.18830930 -41.67332689
171.18833726 -41.67242611
171.18836522 -41.67152534
171.18839318 -41.67062457
171.18842113 -41.66972379
171.18844909 -41.66882302
171.18847704 -41.66792224
171.18850500 -41.66702147
171.18853295 -41.66612070
171.18856090 -41.66521992
171.18858885 -41.66431915
171.18861679 -41.66341838
171.18864474 -41.66251761
171.18867268 -41.66161683
171.18870063 -41.66071606
171.18872857 -41.65981529
171.18875651 -41.65891451
171.18878445 -41.65801374
171.18881239 -41.65711297
171.18884033 -41.65621219
171.18886827 -41.65531142
171.18889620 -41.65441065
171.18892414 -41.65350988
171.18895207 -41.65260910
171.18898000 -41.65170833
171.18900793 -41.65080756
171.18903586 -41.64990679
171.18906379 -41.64900602
171.18909172 -41.64810524
171.18911964 -41.64720447
171.18914757 -41.64630370
171.18917549 -41.64540293
171.18920342 -41.64450216
171.18923134 -41.64360138
171.18925926 -41.64270061
171.18928717 -41.64179984
171.18931509 -41.64089907
171.18934301 -41.63999830
171.18937092 -41.63909753
171.18939884 -41.63819676
171.18942675 -41.63729599
171.18945466 -41.63639521
171.18948257 -41.63549444
171.18951048 -41.63459367
171.18953839 -41.63369290
171.18956629 -41.63279213
171.18959420 -41.63189136
171.18962210 -41.63099059
171.18965001 -41.63008982
171.18967791 -41.62918905
171.18970581 -41.62828828
171.18973371 -41.62738751
171.18976161 -41.62648674
171.18978950 -41.62558597
171.18981740 -41.62468520
171.18984529 -41.62378443
171.18987318 -41.62288366
171.18990108 -41.62198289
171.18992897 -41.62108212
171.18995686 -41.62018135
171.18998474 -41.61928058
171.19001263 -41.61837981
171.19004052 -41.61747904
171.19006840 -41.61657827
171.19009629 -41.61567750
171.19012417 -41.61477673
171.19015205 -41.61387596
171.19017993 -41.61297519
171.19020781 -41.61207442
171.19023568 -41.61117365
171.19026356 -41.61027288
171.19029143 -41.60937211
171.19031931 -41.60847134
171.19034718 -41.60757058
171.19037505 -41.60666981
171.19040292 -41.60576904
171.19043079 -41.60486827
171.19045866 -41.60396750
171.19048652 -41.60306673
171.19051439 -41.60216596
171.19054225 -41.60126520
171.19057011 -41.60036443
171.19059797 -41.59946366
171.19179871 -41.59948284
171.19299945 -41.59950201
171.19420019 -41.59952117
171.19540092 -41.59954031
171.19660166 -41.59955945
171.19780241 -41.59957856
171.19900315 -41.59959767
171.20020389 -41.59961676
171.20140464 -41.59963584
171.20260538 -41.59965491
171.20380613 -41.59967396
171.20500688 -41.59969301
171.20620763 -41.59971204
171.20740838 -41.59973105
171.20860913 -41.59975005
171.20980989 -41.59976905
171.21101064 -41.59978802
171.21221140 -41.59980699
171.21341215 -41.59982594
171.21461291 -41.59984488
171.21581367 -41.59986381
171.21701443 -41.59988272
171.21821519 -41.59990162
171.21941595 -41.59992051
171.22061672 -41.59993939
171.22181748 -41.59995825
171.22301825 -41.59997710
171.22421901 -41.59999594
171.22541978 -41.60001476
171.22662055 -41.60003357
171.22782132 -41.60005237
171.22902209 -41.60007116
171.23022287 -41.60008993
171.23142364 -41.60010869
171.23262442 -41.60012744
171.23382519 -41.60014618
171.23502597 -41.60016490
171.23622675 -41.60018361
171.23742753 -41.60020231
171.23862831 -41.60022099
171.23982909 -41.60023966
171.24102987 -41.60025832
171.24223066 -41.60027697
171.24343144 -41.60029560
171.24463223 -41.60031422
171.24583301 -41.60033283
171.24703380 -41.60035143
171.24823459 -41.60037001
171.24943538 -41.60038858
171.25063617 -41.60040713
171.25183697 -41.60042568
171.25303776 -41.60044421
171.25423856 -41.60046273
171.25543935 -41.60048123
171.25664015 -41.60049973
171.25784095 -41.60051821
171.25904175 -41.60053667
171.26024255 -41.60055513
171.26144335 -41.60057357
171.26264416 -41.60059200
171.26384496 -41.60061042
171.26504577 -41.60062882
171.26624657 -41.60064721
171.26744738 -41.60066559
171.26864819 -41.60068396
171.26984900 -41.60070231
171.27104981 -41.60072065
171.27225062 -41.60073897
171.27345143 -41.60075729
171.27465225 -41.60077559
171.27585306 -41.60079388
171.27705388 -41.60081216
171.27825470 -41.60083042
171.27945552 -41.60084867
171.28065634 -41.60086691
171.28185716 -41.60088513
171.28305798 -41.60090335
171.28425880 -41.60092155
171.28545963 -41.60093973
171.28666045 -41.60095791
171.28786128 -41.60097607
171.28906211 -41.60099422
171.29026294 -41.60101235
171.29146376 -41.60103047
171.29266460 -41.60104859
171.29386543 -41.60106668
171.29506626 -41.60108477
171.29626709 -41.60110284
171.29746793 -41.60112090
171.29866877 -41.60113895
171.29986960 -41.60115698
171.30107044 -41.60117500
171.30227128 -41.60119301
171.30347212 -41.60121100
171.30467296 -41.60122899
171.30587381 -41.60124696
171.30707465 -41.60126492
171.30827550 -41.60128286
171.30947634 -41.60130079
171.31067719 -41.60131871
171.31187804 -41.60133662
171.31307889 -41.60135451
171.31427974 -41.60137239
171.31548059 -41.60139026
171.31668144 -41.60140812
171.31788230 -41.60142596
171.31908315 -41.60144379
171.32028401 -41.60146161
171.32148487 -41.60147941
171.32268572 -41.60149720
171.32388658 -41.60151498
171.32508744 -41.60153275
171.32628831 -41.60155050
171.32748917 -41.60156824
171.32869003 -41.60158597
171.32989090 -41.60160368
171.33109176 -41.60162139
171.33229263 -41.60163908
171.33349350 -41.60165675
171.33469437 -41.60167442
171.33589524 -41.60169207
171.33709611 -41.60170971
171.33829698 -41.60172733
171.33949785 -41.60174494
171.34069873 -41.60176255
171.34189960 -41.60178013
171.34310048 -41.60179771
171.34430136 -41.60181527
171.34550224 -41.60183282
171.34670312 -41.60185036
171.34790400 -41.60186788
171.34910488 -41.60188539
171.35030576 -41.60190289
171.35150665 -41.60192037
171.35270753 -41.60193785
171.35390842 -41.60195531
171.35510930 -41.60197276
171.35631019 -41.60199019
171.35751108 -41.60200761
171.35871197 -41.60202502
171.35991286 -41.60204242
171.36111376 -41.60205980
171.36231465 -41.60207717
171.36351554 -41.60209453
171.36471644 -41.60211187
171.36591734 -41.60212921
171.36711823 -41.60214653
171.36831913 -41.60216383
171.36952003 -41.60218113
171.37072093 -41.60219841
171.37192184 -41.60221568
171.37312274 -41.60223294
171.37432364 -41.60225018
171.37552455 -41.60226741
171.37672545 -41.60228463
171.37792636 -41.60230183
171.37912727 -41.60231903
171.38032818 -41.60233620
171.38152909 -41.60235337
171.38273000 -41.60237053
171.38393091 -41.60238767
171.38513183 -41.60240480
171.38633274 -41.60242191
171.38753366 -41.60243902
171.38873457 -41.60245611
171.38993549 -41.60247318
171.39113641 -41.60249025
171.39233733 -41.60250730
171.39353825 -41.60252434
171.39473917 -41.60254137
171.39594009 -41.60255838
171.39714102 -41.60257538
171.39834194 -41.60259237
171.39954287 -41.60260935
171.40074380 -41.60262631
171.40194472 -41.60264326
171.40314565 -41.60266020
171.40434658 -41.60267713
171.40554751 -41.60269404
171.40674845 -41.60271094
171.40794938 -41.60272783
171.40915031 -41.60274470
171.41035125 -41.60276156
171.41155219 -41.60277841
171.41275312 -41.60279525
171.41395406 -41.60281208
171.41515500 -41.60282889
171.41635594 -41.60284569
171.41755688 -41.60286247
171.41875782 -41.60287924
171.41995877 -41.60289600
171.42115971 -41.60291275
171.42236066 -41.60292949
171.42356160 -41.60294621
171.42476255 -41.60296292
171.42596350 -41.60297962
171.42716445 -41.60299630
171.42836540 -41.60301297
171.42956635 -41.60302963
171.43076730 -41.60304627
171.43196826 -41.60306291
171.43316921 -41.60307953
171.43437017 -41.60309614
171.43557112 -41.60311273
171.43677208 -41.60312931
171.43797304 -41.60314588
171.43917400 -41.60316244
171.44037496 -41.60317898
171.44157592 -41.60319551
171.44277688 -41.60321203
171.44397785 -41.60322854
171.44517881 -41.60324503
171.44637978 -41.60326151
171.44758075 -41.60327798
171.44878171 -41.60329443
171.44998268 -41.60331087
171.45118365 -41.60332730
171.45238462 -41.60334372
171.45358559 -41.60336012
171.45478657 -41.60337651
171.45598754 -41.60339289
171.45718851 -41.60340926
171.45838949 -41.60342561
171.45959047 -41.60344195
171.46079145 -41.60345828
171.46199242 -41.60347459
171.46319340 -41.60349089
171.46439438 -41.60350718
171.46559537 -41.60352346
171.46679635 -41.60353972
171.46799733 -41.60355597
171.46919832 -41.60357221
171.47039930 -41.60358844
171.47160029 -41.60360465
171.47280128 -41.60362085
171.47400227 -41.60363704
171.47520326 -41.60365321
171.47640425 -41.60366937
171.47760524 -41.60368552
171.47880623 -41.60370166
171.48000723 -41.60371778
171.48120822 -41.60373389
171.48240922 -41.60374999
171.48361021 -41.60376607
171.48481121 -41.60378215
171.48601221 -41.60379821
171.48721321 -41.60381425
171.48841421 -41.60383029
171.48961521 -41.60384631
171.49081621 -41.60386232
171.49201722 -41.60387831
171.49321822 -41.60389430
171.49441923 -41.60391027
171.49562023 -41.60392623
171.49682124 -41.60394217
171.49802225 -41.60395810
171.49922326 -41.60397402
171.50042427 -41.60398993
171.50162528 -41.60400582
171.50282629 -41.60402171
171.50402731 -41.60403758
171.50522832 -41.60405343
171.50642933 -41.60406928
171.50763035 -41.60408511
171.50883137 -41.60410093
171.51003239 -41.60411673
171.51123341 -41.60413253
171.51243443 -41.60414831
171.51363545 -41.60416407
171.51483647 -41.60417983
171.51603749 -41.60419557
171.51723852 -41.60421130
171.51843954 -41.60422702
171.51964057 -41.60424272
171.52084160 -41.60425841
171.52204262 -41.60427409
171.52324365 -41.60428976
171.52444468 -41.60430541
171.52564571 -41.60432105
171.52684674 -41.60433668
171.52804778 -41.60435229
171.52924881 -41.60436790
171.53044984 -41.60438349
171.53165088 -41.60439906
171.53285192 -41.60441463
171.53405296 -41.60443018
171.53525399 -41.60444572
171.53645503 -41.60446124
171.53765607 -41.60447675
171.53885711 -41.60449225
171.54005816 -41.60450774
171.54125920 -41.60452322
171.54246024 -41.60453868
171.54366129 -41.60455413
171.54486234 -41.60456957
171.54606338 -41.60458499
171.54726443 -41.60460040
171.54846548 -41.60461580
171.54966653 -41.60463118
171.55086758 -41.60464656
171.55206863 -41.60466192
171.55326968 -41.60467727
171.55447074 -41.60469260
171.55567179 -41.60470792
171.55687285 -41.60472323
171.55807391 -41.60473853
171.55927496 -41.60475381
171.56047602 -41.60476908
171.56167708 -41.60478434
171.56287814 -41.60479959
171.56407920 -41.60481482
171.56528027 -41.60483004
171.56648133 -41.60484525
171.56768239 -41.60486045
171.56888346 -41.60487563
171.57008453 -41.60489080
171.57128559 -41.60490595
171.57248666 -41.60492110
171.57368773 -41.60493623
171.57488880 -41.60495135
171.57608987 -41.60496645
171.57729094 -41.60498155
171.57849201 -41.60499663
171.57969309 -41.60501169
171.58089416 -41.60502675
171.58209524 -41.60504179
171.58329632 -41.60505682
171.58449739 -41.60507184
171.58569847 -41.60508684
171.58689955 -41.60510183
171.58810063 -41.60511681
171.58930171 -41.60513178
171.59050279 -41.60514673
171.59170388 -41.60516167
171.59290496 -41.60517660
171.59410604 -41.60519151
171.59530713 -41.60520642
171.59650822 -41.60522130
171.59770930 -41.60523618
171.59891039 -41.60525105
171.60011148 -41.60526590
171.60131257 -41.60528074
171.60251366 -41.60529556
171.60371476 -41.60531038
171.60491585 -41.60532518
171.60611694 -41.60533997
171.60731804 -41.60535474
171.60851913 -41.60536951
171.60972023 -41.60538426
171.61092133 -41.60539899
171.61212242 -41.60541372
171.61332352 -41.60542843
171.61452462 -41.60544313
171.61572572 -41.60545782
171.61692683 -41.60547249
171.61812793 -41.60548715
171.61932903 -41.60550180
171.62053014 -41.60551644
171.62173124 -41.60553106
171.62293235 -41.60554567
171.62413346 -41.60556027
171.62533457 -41.60557485
171.62653567 -41.60558942
171.62773678 -41.60560398
171.62893790 -41.60561853
171.63013901 -41.60563306
171.63134012 -41.60564759
171.63254123 -41.60566209
171.63374235 -41.60567659
171.63494346 -41.60569107
171.63614458 -41.60570554
171.63734570 -41.60572000
171.63854682 -41.60573445
171.63974794 -41.60574888
171.64094906 -41.60576330
171.64215018 -41.60577771
171.64335130 -41.60579210
171.64455242 -41.60580648
171.64575354 -41.60582085
171.64695467 -41.60583521
171.64815579 -41.60584955
171.64935692 -41.60586388
171.65055805 -41.60587820
171.65175918 -41.60589250
171.65296030 -41.60590679
171.65416143 -41.60592107
171.65536256 -41.60593534
171.65656370 -41.60594959
171.65776483 -41.60596384
171.65896596 -41.60597806
171.66016710 -41.60599228
171.66136823 -41.60600648
171.66256937 -41.60602067
171.66377051 -41.60603485
171.66497164 -41.60604902
171.66617278 -41.60606317
171.66737392 -41.60607731
171.66857506 -41.60609144
171.66977620 -41.60610555
171.67097735 -41.60611965
171.67217849 -41.60613374
171.67337963 -41.60614782
171.67458078 -41.60616188
171.67578192 -41.60617593
171.67698307 -41.60618997
171.67818422 -41.60620400
171.67938537 -41.60621801
171.68058651 -41.60623201
171.68178766 -41.60624599
171.68298882 -41.60625997
171.68418997 -41.60627393
171.68539112 -41.60628788
171.68659227 -41.60630182
171.68779343 -41.60631574
171.68899458 -41.60632965
171.69019574 -41.60634355
171.69139690 -41.60635743
171.69259805 -41.60637131
171.69379921 -41.60638517
171.69500037 -41.60639901
171.69620153 -41.60641285
171.69740269 -41.60642667
171.69860386 -41.60644048
171.69980502 -41.60645428
171.70100618 -41.60646806
171.70220735 -41.60648183
171.70340851 -41.60649559
171.70460968 -41.60650934
171.70581084 -41.60652308
171.70701201 -41.60653680
171.70821318 -41.60655051
171.70941435 -41.60656420
171.71061552 -41.60657789
171.71181669 -41.60659156
171.71301786 -41.60660522
171.71421903 -41.60661886
171.71542021 -41.60663250
171.71662138 -41.60664612
171.71782255 -41.60665972
171.71902373 -41.60667332
171.72022491 -41.60668690
171.72142608 -41.60670047
171.72262726 -41.60671403
171.72382844 -41.60672757
171.72502962 -41.60674110
171.72623080 -41.60675462
171.72743199 -41.60676813
171.72863317 -41.60678162
171.72983435 -41.60679510
171.73103553 -41.60680857
171.73223672 -41.60682202
171.73343791 -41.60683547
171.73463909 -41.60684890
171.73584028 -41.60686231
171.73704147 -41.60687572
171.73824266 -41.60688911
171.73944385 -41.60690249
171.74064504 -41.60691585
171.74184623 -41.60692921
171.74304742 -41.60694255
171.74424862 -41.60695588
171.74544981 -41.60696919
171.74665101 -41.60698249
171.74785220 -41.60699578
171.74905340 -41.60700906
171.75025460 -41.60702233
171.75145580 -41.60703558
171.75265700 -41.60704882
171.75385820 -41.60706204
171.75505940 -41.60707526
171.75626060 -41.60708846
171.75746180 -41.60710165
171.75866300 -41.60711482
171.75986421 -41.60712798
171.76106541 -41.60714113
171.76226662 -41.60715427
171.76346783 -41.60716740
171.76466903 -41.60718051
171.76587024 -41.60719361
171.76707145 -41.60720669
171.76827266 -41.60721977
171.76947387 -41.60723283
171.77067508 -41.60724588
171.77187630 -41.60725891
171.77307751 -41.60727194
171.77427872 -41.60728495
171.77547994 -41.60729794
171.77668116 -41.60731093
171.77788237 -41.60732390
171.77908359 -41.60733686
171.78028481 -41.60734981
171.78148603 -41.60736274
171.78268725 -41.60737566
171.78388847 -41.60738857
171.78508969 -41.60740147
171.78629091 -41.60741435
171.78749213 -41.60742722
171.78869336 -41.60744008
171.78989458 -41.60745292
171.79109581 -41.60746575
171.79229703 -41.60747857
171.79349826 -41.60749138
171.79469949 -41.60750418
171.79590072 -41.60751696
171.79710195 -41.60752973
171.79830318 -41.60754248
171.79950441 -41.60755523
171.80070564 -41.60756796
171.80190688 -41.60758067
171.80310811 -41.60759338
171.80430934 -41.60760607
171.80551058 -41.60761875
171.80671182 -41.60763142
171.80791305 -41.60764407
171.80911429 -41.60765672
171.81031553 -41.60766934
171.81151677 -41.60768196
171.81271801 -41.60769456
171.81391925 -41.60770716
171.81512049 -41.60771973
171.81632173 -41.60773230
171.81752298 -41.60774485
171.81872422 -41.60775739
171.81992546 -41.60776992
171.82112671 -41.60778243
171.82232796 -41.60779494
171.82352920 -41.60780743
171.82473045 -41.60781990
171.82593170 -41.60783237
171.82713295 -41.60784482
171.82833420 -41.60785726
171.82953545 -41.60786968
171.83073670 -41.60788210
171.83193796 -41.60789450
171.83313921 -41.60790688
171.83434046 -41.60791926
171.83554172 -41.60793162
171.83674297 -41.60794397
171.83794423 -41.60795631
171.83914549 -41.60796863
171.84034675 -41.60798094
171.84154801 -41.60799324
171.84274927 -41.60800553
171.84395053 -41.60801780
171.84515179 -41.60803006
171.84635305 -41.60804231
171.84755431 -41.60805455
171.84875558 -41.60806677
171.84995684 -41.60807898
171.85115811 -41.60809117
171.85235937 -41.60810336
171.85356064 -41.60811553
171.85476191 -41.60812769
171.85596318 -41.60813984
171.85716445 -41.60815197
171.85836572 -41.60816409
171.85956699 -41.60817620
171.86076826 -41.60818830
171.86196953 -41.60820038
171.86317081 -41.60821245
171.86437208 -41.60822451
171.86557335 -41.60823655
171.86677463 -41.60824858
171.86797591 -41.60826060
171.86917718 -41.60827261
171.87037846 -41.60828460
171.87157974 -41.60829659
171.87278102 -41.60830855
