169.487079 -43.622069
169.486181 -43.621449
169.485283 -43.620829
169.484385 -43.620209
169.483487 -43.619590
169.482589 -43.618970
169.481591 -43.618281
169.480593 -43.617592
169.479595 -43.616903
169.478598 -43.616214
169.477600 -43.615526
169.476602 -43.614837
169.475604 -43.614148
169.474607 -43.613459
169.473609 -43.612770
169.472611 -43.612081
169.471614 -43.611392
169.470616 -43.610703
169.469619 -43.610015
169.468621 -43.609326
169.467624 -43.608637
169.466626 -43.607948
169.465629 -43.607259
169.464631 -43.606570
169.463634 -43.605881
169.462636 -43.605192
169.461639 -43.604503
169.460642 -43.603814
169.459644 -43.603125
169.458647 -43.602436
169.457650 -43.601747
169.456652 -43.601058
169.455655 -43.600369
169.454758 -43.599749
169.453860 -43.599129
169.452963 -43.598509
169.452065 -43.597888
169.451168 -43.597268
169.450271 -43.596648
169.449373 -43.596028
169.448476 -43.595408
169.447578 -43.594788
169.446681 -43.594167
169.445684 -43.593478
169.444687 -43.592789
169.443690 -43.592100
169.442693 -43.591411
169.441696 -43.590722
169.440699 -43.590033
169.439703 -43.589343
169.438706 -43.588654
169.437709 -43.587965
169.436712 -43.587276
169.435715 -43.586587
169.434719 -43.585898
169.433722 -43.585208
169.432725 -43.584519
169.431728 -43.583830
169.430732 -43.583141
169.429735 -43.582451
169.428739 -43.581762
169.427742 -43.581073
169.426745 -43.580384
169.425749 -43.579694
169.424752 -43.579005
169.423756 -43.578316
169.422759 -43.577626
169.421763 -43.576937
169.420767 -43.576248
169.419770 -43.575558
169.418774 -43.574869
169.417777 -43.574180
169.416781 -43.573490
169.415785 -43.572801
169.414788 -43.572112
169.413792 -43.571422
169.412796 -43.570733
169.411800 -43.570043
169.410804 -43.569354
169.409907 -43.568734
169.409010 -43.568113
169.408114 -43.567493
169.407217 -43.566872
169.406321 -43.566252
169.405424 -43.565631
169.404528 -43.565011
169.403632 -43.564390
169.402735 -43.563770
169.401839 -43.563149
169.400942 -43.562528
169.400046 -43.561908
169.399150 -43.561287
169.398253 -43.560667
169.397357 -43.560046
169.396461 -43.559426
169.395565 -43.558805
169.394668 -43.558184
169.393772 -43.557564
169.392876 -43.556943
169.391880 -43.556254
169.390884 -43.555564
169.389889 -43.554874
169.388893 -43.554185
169.387897 -43.553495
169.386902 -43.552806
169.385906 -43.552116
169.384911 -43.551426
169.383915 -43.550737
169.383019 -43.550116
169.382123 -43.549495
169.381227 -43.548875
169.380331 -43.548254
169.379435 -43.547633
169.378539 -43.547013
169.377643 -43.546392
169.376748 -43.545771
169.375852 -43.545150
169.374956 -43.544530
169.373961 -43.543840
169.372965 -43.543150
169.371970 -43.542460
169.370975 -43.541771
169.369979 -43.541081
169.368984 -43.540391
169.367989 -43.539701
169.366994 -43.539012
169.365999 -43.538322
169.365103 -43.537701
169.364207 -43.537080
169.363312 -43.536459
169.362416 -43.535838
169.361521 -43.535218
169.360625 -43.534597
169.359730 -43.533976
169.358834 -43.533355
169.357939 -43.532734
169.357043 -43.532113
169.356048 -43.531423
169.355053 -43.530733
169.354059 -43.530043
169.353064 -43.529354
169.352069 -43.528664
169.351074 -43.527974
169.350079 -43.527284
169.349085 -43.526594
169.348090 -43.525904
169.348871 -43.525202
169.349652 -43.524500
169.350433 -43.523798
169.351214 -43.523096
169.351995 -43.522394
169.352776 -43.521693
169.353557 -43.520991
169.354338 -43.520289
169.355119 -43.519587
169.355998 -43.518954
169.356877 -43.518321
169.357756 -43.517688
169.358635 -43.517055
169.359514 -43.516422
169.360394 -43.515789
169.361273 -43.515156
169.362152 -43.514523
169.363031 -43.513890
169.363910 -43.513257
169.364886 -43.512554
169.365863 -43.511851
169.366840 -43.511147
169.367816 -43.510444
169.368793 -43.509740
169.369769 -43.509037
169.370746 -43.508334
169.371722 -43.507630
169.372699 -43.506927
169.373675 -43.506224
169.374652 -43.505520
169.375628 -43.504817
169.376604 -43.504113
169.377581 -43.503410
169.378557 -43.502706
169.379533 -43.502003
169.380510 -43.501299
169.381486 -43.500596
169.382365 -43.499963
169.383243 -43.499330
169.384122 -43.498696
169.385000 -43.498063
169.385879 -43.497430
169.386757 -43.496797
169.387636 -43.496164
169.388514 -43.495531
169.389393 -43.494897
169.390271 -43.494264
169.391150 -43.493631
169.392028 -43.492998
169.392907 -43.492365
169.393785 -43.491731
169.394663 -43.491098
169.395542 -43.490465
169.396420 -43.489832
169.397298 -43.489198
169.398177 -43.488565
169.399055 -43.487932
169.400031 -43.487228
169.401007 -43.486524
169.401982 -43.485821
169.402958 -43.485117
169.403934 -43.484413
169.404910 -43.483710
169.405885 -43.483006
169.406861 -43.482302
169.407837 -43.481599
169.408812 -43.480895
169.409788 -43.480191
169.410763 -43.479487
169.411739 -43.478784
169.412714 -43.478080
169.413690 -43.477376
169.414665 -43.476672
169.415641 -43.475969
169.416616 -43.475265
169.417494 -43.474631
169.418372 -43.473998
169.419250 -43.473365
169.420128 -43.472731
169.421006 -43.472098
169.421883 -43.471464
169.422761 -43.470831
169.423639 -43.470197
169.424517 -43.469564
169.425394 -43.468930
169.426272 -43.468297
169.427150 -43.467663
169.428027 -43.467030
169.428905 -43.466396
169.429782 -43.465763
169.430660 -43.465129
169.431538 -43.464496
169.432415 -43.463862
169.433293 -43.463229
169.434170 -43.462595
169.435145 -43.461891
169.436120 -43.461187
169.437095 -43.460483
169.438070 -43.459779
169.439045 -43.459075
169.440020 -43.458371
169.440995 -43.457667
169.441970 -43.456963
169.442944 -43.456259
169.443919 -43.455555
169.444894 -43.454851
169.445869 -43.454147
169.446843 -43.453443
169.447818 -43.452739
169.448793 -43.452035
169.449768 -43.451331
169.450742 -43.450627
169.451717 -43.449923
169.452594 -43.449289
169.453471 -43.448655
169.454348 -43.448022
169.455225 -43.447388
169.456102 -43.446754
169.456979 -43.446120
169.457856 -43.445487
169.458733 -43.444853
169.459610 -43.444219
169.460487 -43.443585
169.461462 -43.442881
169.462436 -43.442177
169.463410 -43.441473
169.464385 -43.440769
169.465359 -43.440064
169.466333 -43.439360
169.467307 -43.438656
169.468282 -43.437952
169.469256 -43.437247
169.470133 -43.436614
169.471009 -43.435980
169.471886 -43.435346
169.472763 -43.434712
169.473639 -43.434078
169.474516 -43.433444
169.475393 -43.432810
169.476269 -43.432176
169.477146 -43.431543
169.478022 -43.430909
169.478996 -43.430204
169.479970 -43.429500
169.480944 -43.428796
169.481918 -43.428091
169.482892 -43.427387
169.483866 -43.426682
169.484840 -43.425978
169.485814 -43.425274
169.486787 -43.424569
169.487664 -43.423935
169.488540 -43.423301
169.489416 -43.422667
169.490293 -43.422033
169.491169 -43.421399
169.492045 -43.420765
169.492922 -43.420131
169.493798 -43.419497
169.494674 -43.418863
169.495550 -43.418229
169.496524 -43.417525
169.497497 -43.416820
169.498471 -43.416116
169.499444 -43.415411
169.500418 -43.414707
169.501391 -43.414002
169.502365 -43.413298
169.503338 -43.412593
169.504311 -43.411888
169.505187 -43.411254
169.506063 -43.410620
169.506939 -43.409986
169.507815 -43.409352
169.508691 -43.408718
169.509567 -43.408084
169.510443 -43.407449
169.511319 -43.406815
169.512195 -43.406181
169.513071 -43.405547
169.514044 -43.404842
169.515017 -43.404138
169.515990 -43.403433
169.516963 -43.402728
169.517936 -43.402024
169.518909 -43.401319
169.519882 -43.400614
169.520855 -43.399909
169.521828 -43.399205
169.522704 -43.398570
169.523579 -43.397936
169.524455 -43.397302
169.525331 -43.396668
169.526206 -43.396033
169.527082 -43.395399
169.527957 -43.394765
169.528833 -43.394130
169.529708 -43.393496
169.530584 -43.392862
169.531556 -43.392157
169.532529 -43.391452
169.533502 -43.390747
169.534474 -43.390043
169.535447 -43.389338
169.536420 -43.388633
169.537392 -43.387928
169.538365 -43.387223
169.539337 -43.386518
169.540213 -43.385884
169.541088 -43.385250
169.541963 -43.384615
169.542838 -43.383981
169.543714 -43.383346
169.544589 -43.382712
169.545464 -43.382077
169.546339 -43.381443
169.547214 -43.380808
169.548089 -43.380174
169.549062 -43.379469
169.550034 -43.378764
169.551006 -43.378059
169.551978 -43.377354
169.552951 -43.376649
169.553923 -43.375944
169.554895 -43.375239
169.555867 -43.374534
169.556839 -43.373829
169.557811 -43.373124
169.558783 -43.372419
169.559755 -43.371714
169.560727 -43.371009
169.561699 -43.370304
169.562671 -43.369599
169.563643 -43.368894
169.564615 -43.368189
169.565587 -43.367483
169.566462 -43.366849
169.567337 -43.366214
169.568211 -43.365580
169.569086 -43.364945
169.569961 -43.364310
169.570835 -43.363676
169.571710 -43.363041
169.572584 -43.362406
169.573459 -43.361772
169.574334 -43.361137
169.575208 -43.360502
169.576083 -43.359868
169.576957 -43.359233
169.577832 -43.358598
169.578706 -43.357964
169.579580 -43.357329
169.580455 -43.356694
169.581329 -43.356060
169.582204 -43.355425
169.583078 -43.354790
169.584049 -43.354085
169.585021 -43.353379
169.585992 -43.352674
169.586964 -43.351969
169.587935 -43.351264
169.588907 -43.350558
169.589878 -43.349853
169.590849 -43.349148
169.591821 -43.348442
169.592792 -43.347737
169.593763 -43.347032
169.594734 -43.346326
169.595706 -43.345621
169.596677 -43.344915
169.597648 -43.344210
169.598619 -43.343505
169.599590 -43.342799
169.600561 -43.342094
169.601435 -43.341459
169.602309 -43.340824
169.603183 -43.340189
169.604057 -43.339554
169.604931 -43.338919
169.605805 -43.338284
169.606679 -43.337650
169.607552 -43.337015
169.608426 -43.336380
169.609300 -43.335745
169.610271 -43.335039
169.611242 -43.334334
169.612213 -43.333628
169.613183 -43.332923
169.614154 -43.332217
169.615125 -43.331512
169.616096 -43.330806
169.617066 -43.330101
169.618037 -43.329395
169.618911 -43.328760
169.619784 -43.328125
169.620658 -43.327490
169.621531 -43.326855
169.622405 -43.326220
169.623278 -43.325585
169.624152 -43.324950
169.625025 -43.324315
169.625899 -43.323680
169.626772 -43.323044
169.627743 -43.322339
169.628713 -43.321633
169.629684 -43.320927
169.630654 -43.320222
169.631624 -43.319516
169.632595 -43.318810
169.633565 -43.318105
169.634535 -43.317399
169.635506 -43.316693
169.636379 -43.316058
169.637252 -43.315423
169.638125 -43.314788
169.638998 -43.314153
169.639871 -43.313517
169.640745 -43.312882
169.641618 -43.312247
169.642491 -43.311612
169.643364 -43.310977
169.644237 -43.310341
169.645207 -43.309636
169.646177 -43.308930
169.647147 -43.308224
169.648117 -43.307518
169.649087 -43.306812
169.650057 -43.306106
169.651027 -43.305401
169.651997 -43.304695
169.652967 -43.303989
169.653839 -43.303353
169.654712 -43.302718
169.655585 -43.302083
169.656458 -43.301448
169.657331 -43.300812
169.658203 -43.300177
169.659076 -43.299542
169.659949 -43.298906
169.660822 -43.298271
169.661694 -43.297635
169.662664 -43.296930
169.663634 -43.296224
169.664603 -43.295518
169.665573 -43.294812
169.666542 -43.294106
169.667512 -43.293400
169.668481 -43.292694
169.669451 -43.291988
169.670420 -43.291282
169.671293 -43.290646
169.672165 -43.290011
169.673038 -43.289375
169.673910 -43.288740
169.674782 -43.288104
169.675655 -43.287469
169.676527 -43.286833
169.677400 -43.286198
169.678272 -43.285562
169.679144 -43.284927
169.680113 -43.284221
169.681083 -43.283515
169.682052 -43.282808
169.683021 -43.282102
169.683990 -43.281396
169.684959 -43.280690
169.685928 -43.279984
169.686897 -43.279278
169.687866 -43.278572
169.688738 -43.277936
169.689611 -43.277300
169.690483 -43.276665
169.691355 -43.276029
169.692227 -43.275394
169.693099 -43.274758
169.693971 -43.274122
169.694843 -43.273487
169.695715 -43.272851
169.696587 -43.272215
169.697556 -43.271509
169.698524 -43.270803
169.699493 -43.270097
169.700462 -43.269390
169.701431 -43.268684
169.702399 -43.267978
169.703368 -43.267271
169.704337 -43.266565
169.705305 -43.265859
169.706177 -43.265223
169.707049 -43.264587
169.707920 -43.263952
169.708792 -43.263316
169.709664 -43.262680
169.710535 -43.262044
169.711407 -43.261409
169.712279 -43.260773
169.713150 -43.260137
169.714022 -43.259501
169.714990 -43.258795
169.715959 -43.258088
169.716927 -43.257382
169.717895 -43.256676
169.718864 -43.255969
169.719832 -43.255263
169.720800 -43.254556
169.721768 -43.253850
169.722737 -43.253143
169.723608 -43.252507
169.724479 -43.251872
169.725351 -43.251236
169.726222 -43.250600
169.727093 -43.249964
169.727965 -43.249328
169.728836 -43.248692
169.729707 -43.248056
169.730578 -43.247420
169.731450 -43.246784
169.732418 -43.246078
169.733386 -43.245371
169.734353 -43.244665
169.735321 -43.243958
169.736289 -43.243251
169.737257 -43.242545
169.738225 -43.241838
169.739193 -43.241132
169.740161 -43.240425
169.741032 -43.239789
169.741903 -43.239153
169.742774 -43.238517
169.743645 -43.237881
169.744516 -43.237245
169.745386 -43.236609
169.746257 -43.235973
169.747128 -43.235337
169.747999 -43.234701
169.748870 -43.234065
169.749838 -43.233358
169.750805 -43.232651
169.751773 -43.231945
169.752740 -43.231238
169.753708 -43.230531
169.754675 -43.229824
169.755643 -43.229117
169.756610 -43.228411
169.757577 -43.227704
169.758545 -43.226997
169.759512 -43.226290
169.760479 -43.225583
169.761447 -43.224877
169.762414 -43.224170
169.763381 -43.223463
169.764349 -43.222756
169.765316 -43.222049
169.766283 -43.221342
169.767153 -43.220706
169.768024 -43.220070
169.768894 -43.219434
169.769765 -43.218798
169.770635 -43.218161
169.771505 -43.217525
169.772376 -43.216889
169.773246 -43.216253
169.774116 -43.215616
169.774987 -43.214980
169.775857 -43.214344
169.776727 -43.213708
169.777597 -43.213071
169.778468 -43.212435
169.779338 -43.211799
169.780208 -43.211162
169.781078 -43.210526
169.781948 -43.209890
169.782818 -43.209253
169.783689 -43.208617
169.784655 -43.207910
169.785622 -43.207203
169.786589 -43.206496
169.787555 -43.205789
169.788522 -43.205082
169.789489 -43.204375
169.790455 -43.203668
169.791422 -43.202961
169.792389 -43.202254
169.793355 -43.201546
169.794322 -43.200839
169.795288 -43.200132
169.796255 -43.199425
169.797221 -43.198718
169.798188 -43.198011
169.799154 -43.197304
169.800120 -43.196596
169.801087 -43.195889
169.801957 -43.195253
169.802826 -43.194616
169.803696 -43.193980
169.804566 -43.193343
169.805435 -43.192707
169.806305 -43.192070
169.807174 -43.191434
169.808044 -43.190797
169.808914 -43.190161
169.809783 -43.189524
169.810749 -43.188817
169.811715 -43.188110
169.812682 -43.187402
169.813648 -43.186695
169.814614 -43.185988
169.815580 -43.185281
169.816546 -43.184573
169.817512 -43.183866
169.818478 -43.183159
169.819347 -43.182522
169.820216 -43.181885
169.821086 -43.181249
169.821955 -43.180612
169.822824 -43.179975
169.823694 -43.179339
169.824563 -43.178702
169.825432 -43.178065
169.826301 -43.177429
169.827170 -43.176792
169.828136 -43.176085
169.829102 -43.175377
169.830068 -43.174670
169.831033 -43.173962
169.831999 -43.173255
169.832965 -43.172548
169.833930 -43.171840
169.834896 -43.171133
169.835861 -43.170425
169.836730 -43.169788
169.837599 -43.169152
169.838468 -43.168515
169.839337 -43.167878
169.840206 -43.167241
169.841075 -43.166605
169.841944 -43.165968
169.842813 -43.165331
169.843681 -43.164694
169.844550 -43.164057
169.845516 -43.163350
169.846481 -43.162642
169.847446 -43.161935
169.848411 -43.161227
169.849377 -43.160519
169.850342 -43.159812
169.851307 -43.159104
169.852272 -43.158397
169.853237 -43.157689
169.854203 -43.156981
169.855168 -43.156274
169.856133 -43.155566
169.857098 -43.154858
169.858063 -43.154151
169.859028 -43.153443
169.859993 -43.152735
169.860958 -43.152028
169.861923 -43.151320
169.862791 -43.150683
169.863660 -43.150046
169.864528 -43.149409
169.865396 -43.148772
169.866265 -43.148135
169.867133 -43.147498
169.868001 -43.146861
169.868870 -43.146224
169.869738 -43.145587
169.870606 -43.144950
169.871571 -43.144242
169.872536 -43.143534
169.873500 -43.142827
169.874465 -43.142119
169.875430 -43.141411
169.876394 -43.140703
169.877359 -43.139995
169.878323 -43.139287
169.879288 -43.138580
169.880156 -43.137942
169.881024 -43.137305
169.881892 -43.136668
169.882760 -43.136031
169.883628 -43.135394
169.884496 -43.134757
169.885364 -43.134120
169.886232 -43.133483
169.887100 -43.132846
169.887968 -43.132208
169.888932 -43.131500
169.889896 -43.130792
169.890861 -43.130084
169.891825 -43.129377
169.892789 -43.128669
169.893753 -43.127961
169.894718 -43.127253
169.895682 -43.126545
169.896646 -43.125837
169.897513 -43.125199
169.898381 -43.124562
169.899249 -43.123925
169.900116 -43.123288
169.900984 -43.122650
169.901852 -43.122013
169.902719 -43.121376
169.903587 -43.120739
169.904454 -43.120101
169.905322 -43.119464
169.906286 -43.118756
169.907250 -43.118048
169.908214 -43.117340
169.909177 -43.116632
169.910141 -43.115923
169.911105 -43.115215
169.912069 -43.114507
169.913033 -43.113799
169.913996 -43.113091
169.914864 -43.112453
169.915731 -43.111816
169.916598 -43.111179
169.917466 -43.110541
169.918333 -43.109904
169.919200 -43.109266
169.920067 -43.108629
169.920934 -43.107992
169.921802 -43.107354
169.922669 -43.106717
169.923632 -43.106009
169.924596 -43.105300
169.925559 -43.104592
169.926523 -43.103884
169.927486 -43.103175
169.928449 -43.102467
169.929413 -43.101759
169.930376 -43.101051
169.931339 -43.100342
169.932206 -43.099705
169.933073 -43.099067
169.933940 -43.098430
169.934807 -43.097792
169.935674 -43.097155
169.936541 -43.096517
169.937408 -43.095880
169.938275 -43.095242
169.939142 -43.094605
169.940008 -43.093967
169.940971 -43.093259
169.941934 -43.092550
169.942898 -43.091842
169.943861 -43.091133
169.944824 -43.090425
169.945787 -43.089716
169.946749 -43.089008
169.947712 -43.088299
169.948675 -43.087591
169.949542 -43.086953
169.950408 -43.086316
169.951275 -43.085678
169.952142 -43.085040
169.953008 -43.084403
169.953875 -43.083765
169.954741 -43.083127
169.955608 -43.082490
169.956474 -43.081852
169.957340 -43.081214
169.958303 -43.080506
169.959266 -43.079797
169.960228 -43.079089
169.961191 -43.078380
169.962154 -43.077671
169.963116 -43.076963
169.964079 -43.076254
169.965041 -43.075546
169.966004 -43.074837
169.966870 -43.074199
169.967736 -43.073561
169.968602 -43.072924
169.969469 -43.072286
169.970335 -43.071648
169.971201 -43.071010
169.972067 -43.070373
169.972933 -43.069735
169.973799 -43.069097
169.974665 -43.068459
169.975628 -43.067750
169.976590 -43.067042
169.977552 -43.066333
169.978514 -43.065624
169.979477 -43.064915
169.980439 -43.064207
169.981401 -43.063498
169.982363 -43.062789
169.983325 -43.062080
169.984191 -43.061442
169.985057 -43.060805
169.985923 -43.060167
169.986788 -43.059529
169.987654 -43.058891
169.988520 -43.058253
169.989386 -43.057615
169.990251 -43.056977
169.991117 -43.056339
169.991983 -43.055701
169.992945 -43.054992
169.993907 -43.054283
169.994868 -43.053574
169.995830 -43.052865
169.996792 -43.052157
169.997754 -43.051448
169.998716 -43.050739
169.999677 -43.050030
170.000639 -43.049321
170.001504 -43.048683
170.002370 -43.048045
170.003235 -43.047407
170.004101 -43.046769
170.004966 -43.046131
170.005832 -43.045493
170.006697 -43.044854
170.007562 -43.044216
170.008428 -43.043578
170.009293 -43.042940
170.010255 -43.042231
170.011216 -43.041522
170.012177 -43.040813
170.013139 -43.040104
170.014100 -43.039395
170.015062 -43.038686
170.016023 -43.037977
170.016984 -43.037268
170.017946 -43.036559
170.018811 -43.035921
170.019676 -43.035282
170.020541 -43.034644
170.021406 -43.034006
170.022271 -43.033368
170.023136 -43.032730
170.024001 -43.032091
170.024866 -43.031453
170.025731 -43.030815
170.026596 -43.030177
170.027557 -43.029468
170.028518 -43.028758
170.029479 -43.028049
170.030440 -43.027340
170.031401 -43.026631
170.032362 -43.025922
170.033323 -43.025212
170.034284 -43.024503
170.035245 -43.023794
170.036110 -43.023156
170.036974 -43.022517
170.037839 -43.021879
170.038704 -43.021241
170.039569 -43.020602
170.040433 -43.019964
170.041298 -43.019326
170.042163 -43.018687
170.043027 -43.018049
170.043892 -43.017410
170.044852 -43.016701
170.045813 -43.015992
170.046774 -43.015282
170.047734 -43.014573
170.048695 -43.013864
170.049655 -43.013154
170.050616 -43.012445
170.051576 -43.011736
170.052537 -43.011026
170.053401 -43.010388
170.054266 -43.009749
170.055130 -43.009111
170.055994 -43.008472
170.056859 -43.007834
170.057723 -43.007195
170.058587 -43.006557
170.059452 -43.005918
170.060316 -43.005280
170.061180 -43.004641
170.062140 -43.003932
170.063101 -43.003223
170.064061 -43.002513
170.065021 -43.001804
170.065981 -43.001094
170.066941 -43.000385
170.067901 -42.999675
170.068861 -42.998966
170.069822 -42.998256
170.070782 -42.997546
170.071742 -42.996837
170.072702 -42.996127
170.073662 -42.995418
170.074622 -42.994708
170.075582 -42.993999
170.076541 -42.993289
170.077501 -42.992579
170.078461 -42.991870
170.079325 -42.991231
170.080189 -42.990592
170.081053 -42.989954
170.081917 -42.989315
170.082780 -42.988676
170.083644 -42.988038
170.084508 -42.987399
170.085372 -42.986760
170.086235 -42.986122
170.087099 -42.985483
170.088059 -42.984773
170.089018 -42.984064
170.089978 -42.983354
170.090937 -42.982644
170.091897 -42.981934
170.092857 -42.981225
170.093816 -42.980515
170.094776 -42.979805
170.095735 -42.979095
170.096598 -42.978457
170.097462 -42.977818
170.098325 -42.977179
170.099189 -42.976540
170.100052 -42.975901
170.100916 -42.975263
170.101779 -42.974624
170.102642 -42.973985
170.103506 -42.973346
170.104369 -42.972707
170.105328 -42.971997
170.106288 -42.971288
170.107247 -42.970578
170.108206 -42.969868
170.109165 -42.969158
170.110124 -42.968448
170.111083 -42.967738
170.112042 -42.967028
170.113001 -42.966318
170.113865 -42.965679
170.114728 -42.965040
170.115591 -42.964402
170.116454 -42.963763
170.117317 -42.963124
170.118180 -42.962485
170.119043 -42.961846
170.119906 -42.961207
170.120769 -42.960568
170.121632 -42.959929
170.122591 -42.959219
170.123550 -42.958509
170.124508 -42.957799
170.125467 -42.957089
170.126426 -42.956379
170.127385 -42.955669
170.128343 -42.954959
170.129302 -42.954249
170.130261 -42.953538
170.131123 -42.952899
170.131986 -42.952260
170.132849 -42.951621
170.133712 -42.950982
170.134574 -42.950343
170.135437 -42.949704
170.136300 -42.949065
170.137162 -42.948426
170.138025 -42.947787
170.138888 -42.947148
170.139846 -42.946437
170.140804 -42.945727
170.141763 -42.945017
170.142721 -42.944307
170.143680 -42.943597
170.144638 -42.942887
170.145596 -42.942176
170.146554 -42.941466
170.147513 -42.940756
170.148375 -42.940117
170.149237 -42.939478
170.150100 -42.938838
170.150962 -42.938199
170.151825 -42.937560
170.152687 -42.936921
170.153549 -42.936281
170.154411 -42.935642
170.155274 -42.935003
170.156136 -42.934364
170.157094 -42.933653
170.158052 -42.932943
170.159010 -42.932233
170.159968 -42.931522
170.160926 -42.930812
170.161884 -42.930102
170.162842 -42.929391
170.163800 -42.928681
170.164757 -42.927971
170.165619 -42.927331
170.166481 -42.926692
170.167343 -42.926053
170.168205 -42.925413
170.169067 -42.924774
170.169929 -42.924135
170.170791 -42.923495
170.171653 -42.922856
170.172515 -42.922216
170.173377 -42.921577
170.174335 -42.920867
170.175292 -42.920156
170.176250 -42.919446
170.177207 -42.918735
170.178165 -42.918025
170.179122 -42.917314
170.180080 -42.916604
170.181037 -42.915893
170.181995 -42.915183
170.182857 -42.914543
170.183718 -42.913904
170.184580 -42.913264
170.185441 -42.912625
170.186303 -42.911985
170.187165 -42.911346
170.188026 -42.910706
170.188888 -42.910067
170.189749 -42.909427
170.190611 -42.908788
170.191568 -42.908077
170.192525 -42.907367
170.193482 -42.906656
170.194440 -42.905945
170.195397 -42.905235
170.196354 -42.904524
170.197311 -42.903813
170.198268 -42.903103
170.199225 -42.902392
170.200086 -42.901753
170.200948 -42.901113
170.201809 -42.900473
170.202670 -42.899834
170.203531 -42.899194
170.204393 -42.898554
170.205254 -42.897915
170.206115 -42.897275
170.206976 -42.896635
170.207837 -42.895996
170.208794 -42.895285
170.209751 -42.894574
170.210708 -42.893864
170.211665 -42.893153
170.212621 -42.892442
170.213578 -42.891731
170.214535 -42.891020
170.215491 -42.890310
170.216448 -42.889599
170.217309 -42.888959
170.218170 -42.888319
170.219031 -42.887680
170.219892 -42.887040
170.220753 -42.886400
170.221613 -42.885760
170.222474 -42.885120
170.223335 -42.884481
170.224196 -42.883841
170.225057 -42.883201
170.226013 -42.882490
170.226970 -42.881779
170.227926 -42.881068
170.228882 -42.880357
170.229839 -42.879647
170.230795 -42.878936
170.231751 -42.878225
170.232707 -42.877514
170.233664 -42.876803
170.234620 -42.876092
170.235576 -42.875381
170.236532 -42.874670
170.237488 -42.873959
170.238444 -42.873248
170.239401 -42.872537
170.240357 -42.871826
170.241313 -42.871115
170.242269 -42.870404
170.243129 -42.869764
170.243990 -42.869124
170.244850 -42.868484
170.245710 -42.867844
170.246571 -42.867204
170.247431 -42.866564
170.248291 -42.865924
170.249152 -42.865284
170.250012 -42.864644
170.250872 -42.864004
170.251828 -42.863293
170.252784 -42.862582
170.253739 -42.861871
170.254695 -42.861159
170.255651 -42.860448
170.256607 -42.859737
170.257562 -42.859026
170.258518 -42.858315
170.259474 -42.857604
170.260334 -42.856964
170.261194 -42.856323
170.262054 -42.855683
170.262914 -42.855043
170.263774 -42.854403
170.264634 -42.853763
170.265494 -42.853123
170.266354 -42.852483
170.267213 -42.851843
170.268073 -42.851203
170.269029 -42.850491
170.269984 -42.849780
170.270939 -42.849069
170.271895 -42.848357
170.272850 -42.847646
170.273805 -42.846935
170.274761 -42.846223
170.275716 -42.845512
170.276671 -42.844801
170.277531 -42.844161
170.278391 -42.843520
170.279250 -42.842880
170.280110 -42.842240
170.280970 -42.841600
170.281829 -42.840959
170.282689 -42.840319
170.283548 -42.839679
170.284408 -42.839039
170.285267 -42.838398
170.286222 -42.837687
170.287177 -42.836976
170.288132 -42.836264
170.289087 -42.835553
170.290042 -42.834841
170.290997 -42.834130
170.291952 -42.833418
170.292907 -42.832707
170.293862 -42.831995
170.294721 -42.831355
170.295580 -42.830715
170.296440 -42.830074
170.297299 -42.829434
170.298158 -42.828794
170.299017 -42.828153
170.299877 -42.827513
170.300736 -42.826872
170.301595 -42.826232
170.302454 -42.825592
170.303409 -42.824880
170.304363 -42.824168
170.305318 -42.823457
170.306272 -42.822745
170.307227 -42.822034
170.308181 -42.821322
170.309136 -42.820610
170.310090 -42.819899
170.311045 -42.819187
170.311904 -42.818547
170.312763 -42.817906
170.313622 -42.817266
170.314481 -42.816625
170.315339 -42.815985
170.316198 -42.815344
170.317057 -42.814704
170.317916 -42.814063
170.318775 -42.813423
170.319634 -42.812782
170.320588 -42.812070
170.321542 -42.811359
170.322496 -42.810647
170.323450 -42.809935
170.324404 -42.809223
170.325359 -42.808512
170.326313 -42.807800
170.327267 -42.807088
170.328221 -42.806376
170.329079 -42.805736
170.329938 -42.805095
170.330796 -42.804454
170.331655 -42.803814
170.332514 -42.803173
170.333372 -42.802532
170.334231 -42.801892
170.335089 -42.801251
170.335948 -42.800610
170.336806 -42.799970
170.337760 -42.799258
170.338714 -42.798546
170.339667 -42.797834
170.340621 -42.797122
170.341575 -42.796410
170.342528 -42.795698
170.343482 -42.794987
170.344436 -42.794275
170.345389 -42.793563
170.346248 -42.792922
170.347106 -42.792281
170.347964 -42.791640
170.348822 -42.791000
170.349681 -42.790359
170.350539 -42.789718
170.351397 -42.789077
170.352255 -42.788437
170.353113 -42.787796
170.353971 -42.787155
170.354925 -42.786443
170.355878 -42.785731
170.356831 -42.785019
170.357785 -42.784307
170.358738 -42.783595
170.359691 -42.782883
170.360644 -42.782171
170.361598 -42.781459
170.362551 -42.780746
170.363409 -42.780106
170.364267 -42.779465
170.365125 -42.778824
170.365982 -42.778183
170.366840 -42.777542
170.367698 -42.776901
170.368556 -42.776260
170.369414 -42.775619
170.370271 -42.774978
170.371129 -42.774337
170.372082 -42.773625
170.373035 -42.772913
170.373988 -42.772201
170.374941 -42.771489
170.375894 -42.770776
170.376847 -42.770064
170.377800 -42.769352
170.378752 -42.768640
170.379705 -42.767928
170.380563 -42.767287
170.381420 -42.766646
170.382278 -42.766004
170.383135 -42.765363
170.383993 -42.764722
170.384850 -42.764081
170.385708 -42.763440
170.386565 -42.762799
170.387422 -42.762158
170.388280 -42.761517
170.389232 -42.760805
170.390185 -42.760092
170.391138 -42.759380
170.392090 -42.758668
170.393043 -42.757955
170.393995 -42.757243
170.394948 -42.756531
170.395900 -42.755818
170.396852 -42.755106
170.397805 -42.754394
170.398757 -42.753681
170.399710 -42.752969
170.400662 -42.752256
170.401614 -42.751544
170.402567 -42.750831
170.403519 -42.750119
170.404471 -42.749407
170.405423 -42.748694
170.406280 -42.748053
170.407137 -42.747412
170.407994 -42.746770
170.408851 -42.746129
170.409708 -42.745488
170.410565 -42.744847
170.411422 -42.744205
170.412279 -42.743564
170.413136 -42.742923
170.413992 -42.742282
170.414849 -42.741640
170.415706 -42.740999
170.416563 -42.740358
170.417419 -42.739716
170.418276 -42.739075
170.419133 -42.738434
170.419990 -42.737793
170.420846 -42.737151
170.421703 -42.736510
170.422560 -42.735869
170.423511 -42.735156
170.424463 -42.734443
170.425415 -42.733731
170.426367 -42.733018
170.427318 -42.732305
170.428270 -42.731593
170.429222 -42.730880
170.430173 -42.730167
170.431125 -42.729455
170.432077 -42.728742
170.433028 -42.728029
170.433980 -42.727317
170.434931 -42.726604
170.435883 -42.725891
170.436834 -42.725178
170.437786 -42.724466
170.438737 -42.723753
170.439689 -42.723040
170.440545 -42.722399
170.441401 -42.721757
170.442258 -42.721116
170.443114 -42.720474
170.443970 -42.719833
170.444826 -42.719191
170.445682 -42.718550
170.446538 -42.717908
170.447395 -42.717267
170.448251 -42.716625
170.449202 -42.715912
170.450153 -42.715199
170.451104 -42.714487
170.452055 -42.713774
170.453006 -42.713061
170.453958 -42.712348
170.454909 -42.711635
170.455860 -42.710922
170.456811 -42.710209
170.457667 -42.709568
170.458523 -42.708926
170.459378 -42.708284
170.460234 -42.707643
170.461090 -42.707001
170.461946 -42.706359
170.462802 -42.705718
170.463658 -42.705076
170.464513 -42.704434
170.465369 -42.703793
170.466320 -42.703080
170.467271 -42.702367
170.468221 -42.701654
170.469172 -42.700941
170.470123 -42.700228
170.471074 -42.699515
170.472024 -42.698802
170.472975 -42.698089
170.473926 -42.697376
170.474781 -42.696734
170.475637 -42.696092
170.476492 -42.695450
170.477348 -42.694809
170.478203 -42.694167
170.479059 -42.693525
170.479914 -42.692883
170.480769 -42.692241
170.481625 -42.691600
170.482480 -42.690958
170.483431 -42.690245
170.484381 -42.689532
170.485331 -42.688818
170.486282 -42.688105
170.487232 -42.687392
170.488182 -42.686679
170.489133 -42.685966
170.490083 -42.685252
170.491033 -42.684539
170.491888 -42.683897
170.492744 -42.683256
170.493599 -42.682614
170.494454 -42.681972
170.495309 -42.681330
170.496164 -42.680688
170.497019 -42.680046
170.497874 -42.679404
170.498729 -42.678762
170.499584 -42.678120
170.500534 -42.677407
170.501484 -42.676694
170.502434 -42.675980
170.503384 -42.675267
170.504334 -42.674554
170.505284 -42.673840
170.506234 -42.673127
170.507184 -42.672414
170.508134 -42.671700
170.508988 -42.671058
170.509843 -42.670416
170.510698 -42.669774
170.511553 -42.669132
170.512408 -42.668490
170.513262 -42.667848
170.514117 -42.667206
170.514972 -42.666564
170.515827 -42.665922
170.516681 -42.665280
170.517631 -42.664566
170.518580 -42.663853
170.519530 -42.663140
170.520480 -42.662426
170.521429 -42.661713
170.522379 -42.660999
170.523328 -42.660286
170.524278 -42.659572
170.525227 -42.658859
170.526081 -42.658217
170.526936 -42.657574
170.527790 -42.656932
170.528645 -42.656290
170.529499 -42.655648
170.530354 -42.655006
170.531208 -42.654363
170.532062 -42.653721
170.532917 -42.653079
170.533771 -42.652437
170.534720 -42.651723
170.535669 -42.651010
170.536619 -42.650296
170.537568 -42.649582
170.538517 -42.648869
170.539466 -42.648155
170.540415 -42.647442
170.541364 -42.646728
170.542313 -42.646014
170.543167 -42.645372
170.544021 -42.644730
170.544875 -42.644087
170.545729 -42.643445
170.546584 -42.642803
170.547438 -42.642161
170.548292 -42.641518
170.549146 -42.640876
170.550000 -42.640234
170.550853 -42.639591
170.551802 -42.638877
170.552751 -42.638164
170.553700 -42.637450
170.554649 -42.636736
170.555597 -42.636023
170.556546 -42.635309
170.557495 -42.634595
170.558443 -42.633881
170.559392 -42.633167
170.560246 -42.632525
170.561100 -42.631883
170.561953 -42.631240
170.562807 -42.630598
170.563661 -42.629955
170.564514 -42.629313
170.565368 -42.628670
170.566222 -42.628028
170.567075 -42.627385
170.567929 -42.626743
170.568877 -42.626029
170.569826 -42.625315
170.570774 -42.624601
170.571722 -42.623887
170.572671 -42.623173
170.573619 -42.622460
170.574567 -42.621746
170.575516 -42.621032
170.576464 -42.620318
170.577317 -42.619675
170.578171 -42.619033
170.579024 -42.618390
170.579877 -42.617748
170.580731 -42.617105
170.581584 -42.616462
170.582437 -42.615820
170.583291 -42.615177
170.584144 -42.614535
170.584997 -42.613892
170.585945 -42.613178
170.586893 -42.612464
170.587841 -42.611750
170.588789 -42.611036
170.589737 -42.610322
170.590685 -42.609608
170.591633 -42.608894
170.592581 -42.608180
170.593529 -42.607465
170.594477 -42.606751
170.595424 -42.606037
170.596372 -42.605323
170.597320 -42.604609
170.598268 -42.603895
170.599215 -42.603181
170.600163 -42.602467
170.601111 -42.601752
170.602058 -42.601038
170.602911 -42.600396
170.603764 -42.599753
170.604617 -42.599110
170.605470 -42.598467
170.606323 -42.597825
170.607175 -42.597182
170.608028 -42.596539
170.608881 -42.595896
170.609734 -42.595253
170.610586 -42.594611
170.611534 -42.593896
170.612481 -42.593182
170.613428 -42.592468
170.614376 -42.591754
170.615323 -42.591039
170.616271 -42.590325
170.617218 -42.589611
170.618165 -42.588896
170.619112 -42.588182
170.619965 -42.587539
170.620817 -42.586896
170.621670 -42.586253
170.622522 -42.585610
170.623375 -42.584968
170.624227 -42.584325
170.625080 -42.583682
170.625932 -42.583039
170.626784 -42.582396
170.627637 -42.581753
170.628584 -42.581039
170.629531 -42.580324
170.630478 -42.579610
170.631425 -42.578895
170.632372 -42.578181
170.633319 -42.577466
170.634266 -42.576752
170.635212 -42.576038
170.636159 -42.575323
170.637011 -42.574680
170.637864 -42.574037
170.638716 -42.573394
170.639568 -42.572751
170.640420 -42.572108
170.641272 -42.571465
170.642124 -42.570822
170.642976 -42.570179
170.643828 -42.569536
170.644680 -42.568893
170.645627 -42.568178
170.646573 -42.567464
170.647520 -42.566749
170.648466 -42.566034
170.649413 -42.565320
170.650360 -42.564605
170.651306 -42.563891
170.652253 -42.563176
170.653199 -42.562462
170.654145 -42.561747
170.655092 -42.561032
170.656038 -42.560318
170.656985 -42.559603
170.657931 -42.558888
170.658877 -42.558174
170.659824 -42.557459
170.660770 -42.556744
170.661716 -42.556030
170.662568 -42.555387
170.663419 -42.554743
170.664271 -42.554100
170.665123 -42.553457
170.665974 -42.552814
170.666826 -42.552170
170.667677 -42.551527
170.668529 -42.550884
170.669380 -42.550241
170.670232 -42.549597
170.671083 -42.548954
170.671935 -42.548311
170.672786 -42.547667
170.673637 -42.547024
170.674489 -42.546381
170.675340 -42.545738
170.676191 -42.545094
170.677043 -42.544451
170.677894 -42.543808
170.678745 -42.543164
170.679691 -42.542449
170.680637 -42.541735
170.681583 -42.541020
170.682529 -42.540305
170.683474 -42.539590
170.684420 -42.538875
170.685366 -42.538160
170.686312 -42.537445
170.687257 -42.536730
170.688203 -42.536016
170.689148 -42.535301
170.690094 -42.534586
170.691040 -42.533871
170.691985 -42.533156
170.692931 -42.532441
170.693876 -42.531726
170.694822 -42.531011
170.695767 -42.530296
170.696618 -42.529653
170.697469 -42.529009
170.698320 -42.528366
170.699171 -42.527722
170.700022 -42.527079
170.700873 -42.526435
170.701723 -42.525792
170.702574 -42.525148
170.703425 -42.524505
170.704276 -42.523861
170.705221 -42.523146
170.706166 -42.522431
170.707111 -42.521716
170.708057 -42.521001
170.709002 -42.520286
170.709947 -42.519571
170.710892 -42.518855
170.711837 -42.518140
170.712782 -42.517425
170.713633 -42.516782
170.714483 -42.516138
170.715334 -42.515494
170.716184 -42.514851
170.717035 -42.514207
170.717885 -42.513563
170.718736 -42.512920
170.719586 -42.512276
170.720437 -42.511633
170.721287 -42.510989
170.722232 -42.510274
170.723177 -42.509558
170.724121 -42.508843
170.725066 -42.508128
170.726011 -42.507413
170.726956 -42.506698
170.727901 -42.505982
170.728845 -42.505267
170.729790 -42.504552
170.730640 -42.503908
170.731490 -42.503264
170.732340 -42.502621
170.733191 -42.501977
170.734041 -42.501333
170.734891 -42.500689
170.735741 -42.500045
170.736591 -42.499402
170.737441 -42.498758
170.738291 -42.498114
170.739236 -42.497399
170.740180 -42.496683
170.741125 -42.495968
170.742069 -42.495253
170.743013 -42.494537
170.743958 -42.493822
170.744902 -42.493106
170.745846 -42.492391
170.746791 -42.491676
170.747640 -42.491032
170.748490 -42.490388
170.749340 -42.489744
170.750190 -42.489100
170.751040 -42.488456
170.751889 -42.487812
170.752739 -42.487168
170.753589 -42.486524
170.754439 -42.485881
170.755288 -42.485237
170.756232 -42.484521
170.757176 -42.483806
170.758120 -42.483090
170.759064 -42.482375
170.760008 -42.481659
170.760952 -42.480944
170.761896 -42.480228
170.762840 -42.479512
170.763784 -42.478797
170.764634 -42.478153
170.765483 -42.477509
170.766333 -42.476865
170.767182 -42.476221
170.768032 -42.475577
170.768881 -42.474933
170.769730 -42.474289
170.770580 -42.473645
170.771429 -42.473001
170.772278 -42.472357
170.773222 -42.471641
170.774166 -42.470925
170.775109 -42.470210
170.776053 -42.469494
170.776997 -42.468778
170.777940 -42.468063
170.778884 -42.467347
170.779827 -42.466631
170.780771 -42.465916
170.781620 -42.465271
170.782469 -42.464627
170.783318 -42.463983
170.784167 -42.463339
170.785016 -42.462695
170.785865 -42.462051
170.786714 -42.461406
170.787563 -42.460762
170.788412 -42.460118
170.789261 -42.459474
170.790205 -42.458758
170.791148 -42.458042
170.792091 -42.457326
170.793034 -42.456611
170.793978 -42.455895
170.794921 -42.455179
170.795864 -42.454463
170.796807 -42.453747
170.797750 -42.453032
170.798599 -42.452387
170.799448 -42.451743
170.800296 -42.451099
170.801145 -42.450454
170.801994 -42.449810
170.802843 -42.449166
170.803691 -42.448521
170.804540 -42.447877
170.805389 -42.447233
170.806237 -42.446589
170.807180 -42.445873
170.808123 -42.445157
170.809066 -42.444441
170.810009 -42.443725
170.810951 -42.443009
170.811894 -42.442293
170.812837 -42.441577
170.813780 -42.440861
170.814722 -42.440145
170.815571 -42.439500
170.816419 -42.438856
170.817268 -42.438212
170.818116 -42.437567
170.818964 -42.436923
170.819813 -42.436278
170.820661 -42.435634
170.821509 -42.434989
170.822358 -42.434345
170.823206 -42.433701
170.824149 -42.432984
170.825091 -42.432268
170.826033 -42.431552
170.826976 -42.430836
170.827918 -42.430120
170.828861 -42.429404
170.829803 -42.428688
170.830745 -42.427972
170.831688 -42.427256
170.832536 -42.426611
170.833384 -42.425967
170.834232 -42.425322
170.835080 -42.424677
170.835928 -42.424033
170.836776 -42.423388
170.837624 -42.422744
170.838472 -42.422099
170.839320 -42.421455
170.840168 -42.420810
170.841110 -42.420094
170.842052 -42.419378
170.842994 -42.418661
170.843936 -42.417945
170.844878 -42.417229
170.845820 -42.416513
170.846762 -42.415796
170.847704 -42.415080
170.848646 -42.414364
170.849494 -42.413719
170.850341 -42.413074
170.851189 -42.412430
170.852037 -42.411785
170.852884 -42.411140
170.853732 -42.410496
170.854580 -42.409851
170.855427 -42.409206
170.856275 -42.408561
170.857122 -42.407917
170.858064 -42.407200
170.859006 -42.406484
170.859948 -42.405768
170.860889 -42.405051
170.861831 -42.404335
170.862772 -42.403618
170.863714 -42.402902
170.864656 -42.402186
170.865597 -42.401469
170.866444 -42.400824
170.867292 -42.400180
170.868139 -42.399535
170.868987 -42.398890
170.869834 -42.398245
170.870681 -42.397600
170.871528 -42.396955
170.872376 -42.396311
170.873223 -42.395666
170.874070 -42.395021
170.875011 -42.394304
170.875953 -42.393588
170.876894 -42.392871
170.877835 -42.392155
170.878776 -42.391438
170.879718 -42.390722
170.880659 -42.390005
170.881600 -42.389289
170.882541 -42.388572
170.883388 -42.387927
170.884235 -42.387282
170.885082 -42.386637
170.885929 -42.385992
170.886776 -42.385347
170.887623 -42.384702
170.888470 -42.384057
170.889317 -42.383412
170.890164 -42.382767
170.891011 -42.382122
170.891952 -42.381406
170.892892 -42.380689
170.893833 -42.379972
170.894774 -42.379256
170.895715 -42.378539
170.896656 -42.377822
170.897597 -42.377106
170.898537 -42.376389
170.899478 -42.375672
170.900325 -42.375027
170.901172 -42.374382
170.902018 -42.373737
170.902865 -42.373092
170.903711 -42.372447
170.904558 -42.371802
170.905405 -42.371157
170.906251 -42.370512
170.907098 -42.369867
170.907944 -42.369221
170.908885 -42.368505
170.909825 -42.367788
170.910766 -42.367071
170.911706 -42.366354
170.912647 -42.365637
170.913587 -42.364920
170.914527 -42.364204
170.915468 -42.363487
170.916408 -42.362770
170.917349 -42.362053
170.918289 -42.361336
170.919229 -42.360619
170.920170 -42.359902
170.921110 -42.359185
170.922050 -42.358468
170.922990 -42.357752
170.923930 -42.357035
170.924871 -42.356318
170.925717 -42.355672
170.926563 -42.355027
170.927409 -42.354382
170.928255 -42.353737
170.929101 -42.353091
170.929947 -42.352446
170.930793 -42.351801
170.931639 -42.351155
170.932485 -42.350510
170.933331 -42.349865
170.934271 -42.349148
170.935211 -42.348431
170.936151 -42.347714
170.937091 -42.346997
170.938031 -42.346280
170.938971 -42.345563
170.939910 -42.344846
170.940850 -42.344128
170.941790 -42.343411
170.942636 -42.342766
170.943482 -42.342121
170.944327 -42.341475
170.945173 -42.340830
170.946019 -42.340184
170.946865 -42.339539
170.947710 -42.338894
170.948556 -42.338248
170.949402 -42.337603
170.950247 -42.336957
170.951187 -42.336240
170.952126 -42.335523
170.953066 -42.334806
170.954005 -42.334089
170.954945 -42.333371
170.955884 -42.332654
170.956824 -42.331937
170.957763 -42.331220
170.958702 -42.330502
170.959548 -42.329857
170.960393 -42.329211
170.961239 -42.328566
170.962084 -42.327920
170.962929 -42.327275
170.963775 -42.326629
170.964620 -42.325984
170.965465 -42.325338
170.966311 -42.324693
170.967156 -42.324047
170.968095 -42.323330
170.969034 -42.322612
170.969973 -42.321895
170.970913 -42.321178
170.971852 -42.320460
170.972791 -42.319743
170.973730 -42.319026
170.974669 -42.318308
170.975608 -42.317591
170.976453 -42.316945
170.977298 -42.316300
170.978143 -42.315654
170.978988 -42.315008
170.979833 -42.314363
170.980678 -42.313717
170.981523 -42.313071
170.982368 -42.312426
170.983213 -42.311780
170.984058 -42.311134
170.984997 -42.310417
170.985935 -42.309699
170.986874 -42.308982
170.987813 -42.308264
170.988752 -42.307547
170.989690 -42.306829
170.990629 -42.306112
170.991568 -42.305394
170.992506 -42.304677
170.993682 -42.303754
170.994730 -42.302755
170.995570 -42.301954
170.996929 -42.300654
170.998712 -42.301398
171.000185 -42.302013
171.001790 -42.302683
171.002957 -42.303183
171.004124 -42.303683
171.005291 -42.304182
171.006458 -42.304682
171.007625 -42.305182
171.008792 -42.305682
171.009959 -42.306182
171.011126 -42.306682
171.012293 -42.307182
171.013460 -42.307682
171.014627 -42.308182
171.015794 -42.308681
171.016961 -42.309181
171.018128 -42.309681
171.019295 -42.310181
171.020463 -42.310681
171.021630 -42.311180
171.022797 -42.311680
171.023964 -42.312180
171.025131 -42.312680
171.026299 -42.313179
171.027466 -42.313679
171.028633 -42.314179
171.029801 -42.314678
171.030968 -42.315178
171.032135 -42.315678
171.033303 -42.316177
171.034353 -42.316627
171.035404 -42.317077
171.036455 -42.317526
171.037505 -42.317976
171.038556 -42.318426
171.039607 -42.318875
171.040658 -42.319325
171.041708 -42.319774
171.042759 -42.320224
171.043810 -42.320674
171.044978 -42.321173
171.046145 -42.321673
171.047313 -42.322172
171.048480 -42.322672
171.049648 -42.323171
171.050816 -42.323671
171.051983 -42.324170
171.053151 -42.324670
171.054319 -42.325169
171.055487 -42.325668
171.056654 -42.326168
171.057822 -42.326667
171.058990 -42.327167
171.060158 -42.327666
171.061326 -42.328165
171.062493 -42.328665
171.063661 -42.329164
171.064829 -42.329663
171.065997 -42.330163
171.067165 -42.330662
171.068333 -42.331161
171.069501 -42.331661
171.070669 -42.332160
171.071837 -42.332659
171.073005 -42.333158
171.074173 -42.333658
171.075341 -42.334157
171.076392 -42.334606
171.077444 -42.335055
171.078495 -42.335505
171.079546 -42.335954
171.080598 -42.336403
171.081649 -42.336852
171.082700 -42.337302
171.083752 -42.337751
171.084803 -42.338200
171.085855 -42.338649
171.087023 -42.339148
171.088191 -42.339648
171.089359 -42.340147
171.090528 -42.340646
171.091696 -42.341145
171.092864 -42.341644
171.094033 -42.342143
171.095201 -42.342642
171.096369 -42.343141
171.097421 -42.343590
171.098473 -42.344039
171.099524 -42.344488
171.100576 -42.344937
171.101628 -42.345386
171.102679 -42.345835
171.103731 -42.346284
171.104783 -42.346733
171.105834 -42.347182
171.106886 -42.347631
171.108055 -42.348130
171.109223 -42.348629
171.110392 -42.349128
171.111560 -42.349627
171.112729 -42.350126
171.113898 -42.350625
171.115066 -42.351123
171.116235 -42.351622
171.117404 -42.352121
171.118573 -42.352620
171.119741 -42.353119
171.120910 -42.353617
171.122079 -42.354116
171.123248 -42.354615
171.124417 -42.355114
171.125586 -42.355612
171.126755 -42.356111
171.127923 -42.356610
171.128976 -42.357059
171.130028 -42.357507
171.131080 -42.357956
171.132132 -42.358405
171.133184 -42.358854
171.134236 -42.359302
171.135288 -42.359751
171.136340 -42.360200
171.137392 -42.360649
171.138445 -42.361097
171.139614 -42.361596
171.140783 -42.362095
171.141952 -42.362593
171.143121 -42.363092
171.144290 -42.363590
171.145459 -42.364089
171.146629 -42.364587
171.147798 -42.365086
171.148967 -42.365584
171.150136 -42.366083
171.151306 -42.366581
171.152475 -42.367080
171.153644 -42.367578
171.154814 -42.368076
171.155983 -42.368575
171.157152 -42.369073
171.158322 -42.369572
171.159491 -42.370070
171.160661 -42.370568
171.161830 -42.371067
171.163000 -42.371565
171.164169 -42.372063
171.165339 -42.372562
171.166508 -42.373060
171.167678 -42.373558
171.168847 -42.374056
171.170017 -42.374555
171.171070 -42.375003
171.172122 -42.375452
171.173175 -42.375900
171.174228 -42.376348
171.175280 -42.376797
171.176333 -42.377245
171.177386 -42.377694
171.178439 -42.378142
171.179491 -42.378590
171.180544 -42.379039
171.181714 -42.379537
171.182884 -42.380035
171.184054 -42.380533
171.185223 -42.381031
171.186393 -42.381529
171.187563 -42.382027
171.188733 -42.382525
171.189903 -42.383023
171.191073 -42.383521
171.192243 -42.384020
171.193413 -42.384518
171.194583 -42.385016
171.195753 -42.385514
171.196923 -42.386012
171.198093 -42.386510
171.199263 -42.387008
171.200433 -42.387505
171.201603 -42.388003
171.202773 -42.388501
171.203943 -42.388999
171.205114 -42.389497
171.206284 -42.389995
171.207454 -42.390493
171.208624 -42.390991
171.209794 -42.391489
171.210965 -42.391987
171.212135 -42.392484
171.213155 -42.392918
171.215207 -42.393746
